-0.345 -0.345 8.165
-1.495 1.725 1.495
-1.725 1.725 1.725
-1.495 1.725 1.725
-0.805 1.495 1.725
-1.495 1.955 1.495
-1.495 2.185 1.495
-1.035 2.185 1.495
-1.035 2.185 1.725
-1.035 2.415 1.725
-2.185 0.575 2.645
-1.955 0.575 2.645
-2.185 0.805 2.645
-1.955 0.805 2.645
-1.955 1.035 2.185
-2.415 1.725 1.955
-2.415 1.495 2.185
-2.415 1.725 2.185
-1.955 1.495 1.955
-2.185 1.725 1.955
-2.185 1.495 2.185
-2.185 1.725 2.185
-1.955 1.725 2.185
-1.955 1.035 2.415
-2.185 1.265 2.415
-1.955 1.265 2.415
-2.185 1.035 2.645
-1.955 1.035 2.645
-2.185 1.265 2.645
-1.955 1.265 2.645
-2.415 1.495 2.415
-2.185 1.495 2.415
-2.185 1.725 2.415
-1.955 1.725 2.645
-2.185 0.345 2.875
-1.955 0.345 2.875
-1.955 0.345 3.105
-2.415 0.805 3.105
-2.185 0.575 2.875
-1.955 0.575 2.875
-1.955 0.805 2.875
-1.955 0.115 3.565
-2.185 0.345 3.565
-2.185 0.805 3.335
-2.185 1.265 2.875
-1.955 1.725 2.875
-1.725 0.805 2.415
-1.725 0.575 2.645
-1.725 1.035 1.955
-1.725 1.265 1.955
-1.725 1.265 2.185
-1.495 1.265 2.185
-1.265 1.035 1.955
-1.495 1.495 1.955
-1.725 1.725 1.955
-1.265 1.495 1.955
-1.265 1.725 1.955
-1.725 1.035 2.415
-1.495 1.265 2.645
-1.725 1.495 2.415
-1.495 1.495 2.415
-1.725 1.725 2.415
-1.495 1.725 2.415
-1.495 1.495 2.645
-1.495 1.725 2.645
-1.265 1.495 2.645
-1.035 1.495 2.645
-1.035 1.725 2.645
-0.805 1.495 2.645
-1.725 0.345 3.105
-1.725 0.575 2.875
-1.725 0.805 2.875
-1.725 0.575 3.105
-1.265 0.575 3.105
-1.265 0.805 3.105
-1.495 0.575 3.335
-1.725 0.805 3.335
-1.265 0.575 3.335
-1.035 0.575 3.335
-1.265 0.805 3.335
-1.035 0.575 3.565
-1.035 0.805 3.565
-0.575 0.805 3.335
-0.575 0.805 3.565
-1.495 1.035 2.875
-1.495 1.265 2.875
-1.495 1.035 3.105
-1.495 1.265 3.105
-1.265 1.035 2.875
-1.265 1.265 2.875
-1.265 1.035 3.105
-1.035 1.035 3.105
-1.495 1.495 2.875
-1.035 1.495 2.875
-1.495 1.265 3.335
-1.495 1.495 3.335
-0.805 1.265 2.875
-0.805 1.035 3.105
-0.575 1.035 3.105
-0.805 1.265 3.105
-0.575 1.265 3.105
-0.345 1.265 3.105
-0.805 1.495 2.875
-0.805 1.725 2.875
-0.575 1.725 2.875
-0.805 1.495 3.105
-0.345 1.725 2.875
-0.345 1.495 3.105
-0.115 1.495 3.105
-0.345 1.725 3.105
-0.115 1.725 3.105
-0.805 1.035 3.335
-0.575 1.035 3.335
-0.115 1.265 3.335
-0.115 1.035 3.565
-0.115 1.265 3.565
-0.115 1.495 3.335
-2.415 1.955 1.955
-2.415 1.955 2.185
-1.955 1.955 1.955
-1.955 2.185 1.955
-2.185 1.955 2.185
-1.955 1.955 2.185
-1.955 2.185 2.185
-2.415 2.185 2.415
-1.955 2.185 2.645
-1.955 2.415 2.415
-1.955 2.415 2.645
-2.185 2.645 2.645
-3.335 2.185 3.565
-2.875 2.185 3.565
-3.565 2.415 3.335
-1.955 2.875 3.335
-1.725 2.185 1.955
-1.725 1.955 2.185
-1.495 1.955 2.185
-1.725 2.185 2.185
-1.495 2.185 2.185
-1.265 1.955 1.955
-1.265 2.185 1.955
-1.035 2.185 1.955
-1.265 2.185 2.185
-1.035 2.185 2.185
-1.495 2.415 1.955
-1.495 2.645 1.955
-1.725 2.415 2.185
-1.495 2.415 2.185
-1.265 2.415 1.955
-1.265 2.645 1.955
-1.265 2.415 2.185
-1.035 2.415 2.185
-1.725 1.955 2.415
-1.495 1.955 2.415
-1.725 2.185 2.415
-1.725 2.185 2.645
-1.265 1.955 2.415
-1.035 1.955 2.415
-1.265 2.185 2.415
-1.035 2.185 2.415
-1.035 1.955 2.645
-1.495 2.415 2.415
-1.495 2.415 2.645
-0.575 2.185 2.415
-0.575 1.955 2.645
-0.575 2.185 2.645
-0.345 1.955 2.645
-0.805 2.415 2.415
-0.575 2.415 2.415
-0.575 2.415 2.645
-1.725 1.955 2.875
-1.035 1.955 3.335
-0.345 1.955 2.875
-0.805 2.415 3.105
-1.035 3.335 3.105
-4.715 1.035 5.405
-4.255 2.875 5.175
-5.635 1.955 7.015
-5.865 3.105 7.015
-4.025 2.415 5.865
-5.405 2.875 5.635
-2.185 0.575 3.795
-1.955 0.115 4.485
-2.185 0.575 4.255
-2.645 1.265 3.795
-1.955 1.035 3.795
-1.955 1.035 4.025
-2.875 0.575 4.945
-2.415 0.575 4.945
-3.105 1.495 4.715
-1.495 0.805 3.795
-1.495 0.805 4.025
-1.725 1.265 4.025
-1.495 1.265 4.025
-1.495 1.265 4.255
-1.725 1.265 4.485
-1.725 1.495 4.485
-0.575 1.035 5.405
-0.115 1.035 5.175
-0.115 1.265 5.405
-2.185 2.415 4.025
-2.415 3.335 3.795
-2.185 2.415 5.405
-2.875 3.335 4.715
-0.345 2.645 4.255
-1.035 3.105 4.945
-1.725 2.875 5.405
-0.345 3.335 4.715
-1.725 1.955 5.635
-0.805 3.335 5.865
-0.805 3.335 6.325
-0.575 3.335 6.555
-3.565 3.795 5.865
-2.875 4.025 5.865
-0.805 4.945 5.635
-5.635 3.105 8.855
-5.405 3.105 8.625
0.115 1.035 3.565
0.345 0.575 6.555
