-1.035 2.645 1.495
-1.265 2.645 1.725
-1.035 2.645 1.725
-0.805 2.185 1.725
-0.345 2.645 1.725
-1.495 2.875 1.725
-1.035 2.875 1.495
-1.035 2.875 1.725
-1.035 3.105 1.725
-0.575 2.875 1.495
-0.805 2.875 1.725
-0.345 2.875 1.495
-0.345 3.105 1.495
-0.115 3.105 1.725
-0.805 3.335 1.725
-0.575 3.335 1.725
-0.575 3.565 1.725
-0.345 3.335 1.495
-0.345 3.335 1.725
-0.345 3.565 1.725
-0.115 3.565 1.725
-1.265 1.725 3.335
-1.265 1.725 3.565
-1.035 2.645 1.955
-1.035 2.415 2.185
-1.495 2.645 2.415
-1.495 2.415 2.645
-1.495 2.645 2.645
-1.035 2.645 2.415
-1.265 2.415 2.645
-1.265 2.645 2.645
-0.575 2.185 1.955
-0.575 1.955 2.185
-0.575 2.185 2.185
-0.345 2.185 1.955
-0.575 2.415 1.955
-0.575 2.415 2.185
-0.575 2.645 2.185
-0.115 2.645 1.955
-0.345 2.415 2.185
-0.115 2.645 2.185
-0.575 1.955 2.415
-0.575 1.955 2.645
-0.805 2.415 2.415
-0.805 2.645 2.415
-0.575 2.645 2.415
-0.805 2.415 2.645
-0.575 2.415 2.645
-0.805 2.645 2.645
-0.575 2.645 2.645
-0.345 2.415 2.415
-0.345 2.645 2.415
-0.115 2.645 2.415
-0.345 2.415 2.645
-0.115 2.415 2.645
-0.345 2.645 2.645
-0.115 2.645 2.645
-1.495 2.875 1.955
-1.725 3.105 1.955
-1.495 3.105 1.955
-1.725 2.875 2.185
-1.495 2.875 2.185
-1.725 3.105 2.185
-1.495 3.105 2.185
-1.265 3.105 1.955
-1.035 3.105 1.955
-1.265 2.875 2.185
-1.035 2.875 2.185
-1.265 3.105 2.185
-1.035 3.105 2.185
-1.035 3.335 1.955
-1.495 2.875 2.415
-1.725 2.875 2.645
-1.265 2.875 2.415
-1.035 2.875 2.415
-1.035 3.105 2.415
-1.035 3.335 2.415
-0.805 3.105 1.955
-0.575 3.105 1.955
-0.805 2.875 2.185
-0.575 2.875 2.185
-0.805 3.105 2.185
-0.575 3.105 2.185
-0.345 3.105 1.955
-0.115 3.105 1.955
-0.345 2.875 2.185
-0.115 2.875 2.185
-0.345 3.105 2.185
-0.115 3.105 2.185
-0.805 3.335 1.955
-0.575 3.335 1.955
-0.575 3.565 1.955
-0.805 3.565 2.185
-0.345 3.335 1.955
-0.345 3.335 2.185
-0.805 2.875 2.415
-0.575 2.875 2.415
-0.575 3.105 2.415
-0.805 3.105 2.645
-0.345 2.875 2.415
-0.115 2.875 2.415
-0.345 3.105 2.415
-0.575 3.335 2.415
-1.495 2.185 2.875
-1.495 2.185 3.105
-1.035 1.955 2.875
-1.265 2.185 2.875
-1.265 1.955 3.105
-1.035 1.955 3.105
-1.265 2.185 3.105
-1.495 2.415 2.875
-1.265 2.415 2.875
-1.265 1.955 3.335
-1.265 2.185 3.335
-1.265 2.645 3.565
-0.805 2.185 2.875
-0.575 2.185 2.875
-0.805 1.955 3.105
-0.575 1.955 3.105
-0.805 2.185 3.105
-0.575 2.185 3.105
-0.345 2.185 2.875
-0.115 2.185 2.875
-0.115 1.955 3.105
-0.115 2.185 3.105
-0.805 2.415 2.875
-0.345 2.415 2.875
-0.115 2.415 2.875
-0.115 2.645 2.875
-0.345 2.415 3.105
-0.805 1.955 3.335
-0.575 1.955 3.335
-1.495 2.875 3.105
-1.035 2.875 2.875
-1.035 2.875 3.105
-1.035 2.875 3.335
-0.115 2.875 3.105
-0.575 4.485 2.875
-0.805 4.485 3.105
-0.575 4.485 3.105
-0.345 4.485 2.875
-0.575 4.715 2.875
-0.115 4.945 3.105
-1.265 2.645 4.025
-1.725 2.185 4.255
-1.495 2.185 4.255
-1.725 1.955 4.485
-1.725 2.185 4.485
-1.725 2.415 4.255
-0.115 2.645 3.795
-0.805 1.955 4.255
-1.035 3.565 4.025
-0.805 3.335 4.025
-1.495 2.185 4.715
-1.495 2.185 4.945
-1.265 1.955 4.715
-1.495 2.415 4.945
-1.035 1.955 5.405
-1.725 2.415 5.405
-1.265 3.105 4.715
-0.805 1.725 5.865
-0.805 1.725 6.325
-1.265 3.105 5.865
-4.255 6.785 7.245
-1.955 4.025 3.795
-1.955 4.255 4.255
-2.185 5.175 4.485
-1.725 4.025 4.025
-1.035 3.795 4.025
-0.575 3.795 4.025
-1.265 6.555 5.405
-2.645 3.795 6.095
-2.415 2.415 7.935
-3.795 5.405 8.165
-3.795 5.865 7.935
-2.185 4.485 8.165
-2.185 4.715 8.165
-3.335 4.025 8.395
-3.105 4.255 8.625
-2.415 5.175 9.085
-2.415 5.405 9.085
-1.035 5.635 10.005
0.115 2.645 2.185
0.115 2.185 2.415
0.115 2.415 2.415
0.115 2.645 2.415
0.345 2.645 2.415
0.115 2.415 2.645
0.345 2.415 2.645
0.115 2.645 2.645
0.345 2.645 2.645
0.575 2.645 2.415
0.575 2.415 2.645
0.575 2.645 2.645
0.115 2.875 1.955
0.115 3.105 1.955
0.115 2.875 2.185
0.345 2.875 2.185
0.115 3.105 2.185
0.345 2.875 2.415
0.345 3.105 2.415
0.345 2.875 2.645
0.115 3.335 2.645
0.115 1.955 3.105
0.345 2.185 3.105
0.575 2.185 2.875
0.575 2.185 3.105
0.115 2.415 2.875
0.345 2.415 2.875
0.575 2.415 2.875
0.575 2.415 3.105
0.575 2.415 3.335
0.345 2.875 2.875
0.575 2.875 3.105
0.575 3.335 2.875
0.115 3.565 3.565
0.575 3.795 2.875
0.345 2.185 3.795
0.575 2.415 4.025
0.345 2.185 4.715
0.345 2.875 4.945
1.955 3.565 5.635
2.185 3.565 5.635
1.495 4.715 4.025
1.495 4.945 4.255
1.725 3.565 8.165
1.495 2.185 8.625
