0.345 -0.115 -0.345
-4.255 7.245 -0.345
-1.035 -0.345 0.345
-0.805 -0.805 0.115
-0.805 -0.805 0.345
-0.345 -0.805 0.345
-0.115 -0.805 0.345
-0.115 -0.575 0.345
-0.805 -0.115 0.345
-0.805 -0.805 0.575
-0.575 -0.805 0.575
-0.575 -0.805 0.805
-0.115 -0.805 0.575
-0.345 -0.805 0.805
-0.115 -0.805 0.805
-0.115 -0.575 0.805
-0.805 -0.345 0.575
-0.805 -0.345 0.805
-0.115 -0.115 0.575
-0.115 -0.805 1.035
-0.345 -0.575 1.035
-0.805 -0.345 1.035
-0.805 -0.115 1.035
-0.345 -0.115 1.035
0.345 -0.575 0.575
0.115 -0.345 0.575
0.115 -0.345 0.805
0.345 -0.115 0.805
0.115 -0.345 1.035
-0.115 0.115 0.575
-0.115 0.345 0.575
-0.575 1.035 0.805
-0.575 0.115 1.035
-0.805 0.575 1.035
-0.345 0.115 1.495
-1.265 2.185 1.495
-0.805 2.185 1.495
-1.265 1.265 2.875
-1.725 3.105 4.255
-3.335 6.785 4.025
0.115 1.725 1.495
0.575 2.415 1.265
1.265 4.025 1.495
0.115 3.795 3.105
3.335 6.785 2.415
