-0.345 -0.575 0.345
-0.345 -0.805 0.805
-0.115 -0.805 0.805
-0.345 -0.575 0.805
-0.115 -0.115 0.575
-0.345 -1.495 1.265
-0.115 -1.495 1.265
-0.345 -1.265 1.035
-0.345 -1.265 1.265
-0.115 -1.265 1.265
-0.115 -1.035 1.265
-0.115 -1.035 1.725
-0.575 -0.575 1.265
-0.115 -0.805 1.035
-0.115 -0.575 1.035
-0.805 -0.345 1.035
-0.805 -0.345 1.265
-0.345 -0.115 1.265
-0.575 -0.575 1.495
-0.345 -0.805 1.495
-0.345 -0.575 1.725
-0.805 -0.345 1.495
-0.575 -0.345 1.495
-0.575 -0.115 1.495
-0.805 -0.345 1.725
-0.345 -0.115 1.495
-0.345 -0.345 1.725
-0.575 -0.575 1.955
-0.805 -0.805 2.185
-0.575 -0.805 2.185
-0.575 -0.345 1.955
-0.115 -0.115 2.185
-0.115 -0.115 2.415
0.345 -1.035 0.345
0.575 -1.035 0.345
0.345 -1.265 0.575
0.345 -1.035 0.575
0.345 -1.265 0.805
0.345 -1.035 0.805
0.575 -1.265 0.575
0.575 -1.035 0.575
0.575 -1.265 0.805
0.575 -1.035 0.805
0.575 -0.805 0.115
0.575 -0.805 0.345
0.805 -0.805 0.345
0.805 -0.345 0.345
0.345 -0.805 0.575
0.115 -0.805 0.805
0.575 -0.805 0.575
0.575 -0.575 0.575
0.805 -0.575 0.575
0.345 -0.345 0.575
0.115 -0.115 0.575
0.345 -0.345 0.805
0.805 -0.345 0.575
0.575 -0.115 0.575
0.805 -0.115 0.575
0.575 -0.345 0.805
1.035 -0.115 0.575
0.115 -1.495 1.035
0.345 -1.495 1.035
0.115 -1.495 1.265
0.345 -1.265 1.035
0.345 -1.035 1.035
0.115 -1.265 1.265
0.115 -1.035 1.265
0.345 -1.035 1.265
0.575 -1.265 1.035
0.575 -1.035 1.035
0.805 -1.035 1.035
0.575 -1.265 1.265
0.345 -1.265 1.495
0.115 -1.035 1.495
0.115 -1.035 1.725
0.575 -1.265 1.495
0.805 -1.265 1.495
0.575 -1.035 1.725
0.345 -0.805 1.035
0.115 -0.575 1.035
0.115 -0.805 1.265
0.115 -0.575 1.265
0.345 -0.575 1.265
0.575 -0.805 1.035
0.115 -0.345 1.265
0.115 -0.115 1.265
0.575 -0.345 1.035
0.345 -0.575 1.495
0.805 -0.805 1.495
0.805 -0.805 1.725
0.805 -0.575 1.725
0.115 -0.345 1.495
0.115 -0.115 1.495
0.575 -0.115 1.495
0.805 -0.345 1.725
1.035 -0.115 1.265
1.035 -0.805 1.495
1.035 -0.575 1.725
1.035 -0.345 1.725
1.035 -1.035 1.955
0.345 -0.805 1.955
1.035 -0.575 1.955
0.575 -0.345 2.875
0.805 -0.115 3.335
-1.265 1.035 0.805
-0.575 0.115 1.265
-0.345 0.115 1.265
-0.805 0.115 1.495
-0.575 0.115 1.495
-0.805 0.115 1.725
-0.345 0.115 1.495
-0.115 0.345 1.495
-0.115 0.805 1.495
-1.495 1.035 1.495
-1.265 1.035 1.495
-1.725 1.495 1.725
-1.725 1.725 1.725
-1.495 1.725 1.725
-1.265 1.725 1.495
-0.575 1.035 1.495
-0.575 1.265 1.495
-0.575 1.265 1.725
-0.115 1.035 1.495
-0.345 1.265 1.495
-0.115 1.265 1.495
-0.345 1.265 1.725
-0.805 1.495 1.495
-0.575 1.495 1.495
-0.575 1.495 1.725
-0.575 1.725 1.725
-0.345 1.495 1.495
-0.115 1.495 1.725
-0.345 1.725 1.725
-0.115 1.725 1.725
-1.955 2.185 1.725
-1.955 2.415 1.725
-2.185 2.645 1.725
-1.955 2.645 1.725
-2.185 2.875 1.725
-1.955 2.875 1.725
-2.185 3.105 1.725
-1.955 3.105 1.725
-0.115 2.185 0.575
-0.115 2.185 0.805
-0.115 2.415 0.575
-1.725 1.955 1.725
-1.495 1.955 1.725
-1.725 2.185 1.725
-1.495 2.185 1.725
-1.265 1.955 1.725
-1.265 2.185 1.725
-1.035 2.185 1.725
-1.725 2.415 1.725
-1.495 2.415 1.725
-1.495 2.645 1.725
-1.265 2.415 1.725
-1.035 2.415 1.725
-1.035 2.645 1.725
-0.115 2.415 1.035
-0.805 1.955 1.725
-0.575 1.955 1.725
-0.575 2.185 1.725
-0.115 1.955 1.495
-0.115 2.185 1.495
-0.345 1.955 1.725
-0.115 1.955 1.725
-0.345 2.185 1.725
-0.115 2.185 1.725
-0.575 2.415 1.725
-0.805 2.645 1.725
-0.575 2.645 1.725
-0.345 2.415 1.725
-0.115 2.415 1.725
-0.115 2.645 1.725
-1.725 2.875 1.725
-1.265 2.875 1.725
-1.035 2.875 1.725
-0.805 3.105 1.725
-0.805 3.335 1.725
-1.265 0.575 2.415
-0.805 0.345 1.955
-0.805 0.575 1.955
-0.345 0.115 2.415
-1.265 1.035 1.955
-1.725 1.725 2.415
-0.115 0.115 2.875
-1.265 1.495 3.565
-1.955 2.875 1.955
-2.185 3.105 1.955
-1.955 3.335 1.955
-1.955 2.645 3.565
-1.725 2.645 2.185
-1.035 1.955 2.645
-1.725 2.645 2.415
-1.495 2.875 1.955
-1.725 3.105 1.955
-1.495 3.105 1.955
-1.265 2.875 1.955
-1.725 3.335 1.955
-1.495 3.335 1.955
-1.725 3.565 1.955
-1.495 3.565 1.955
-1.265 3.565 1.955
-1.035 3.565 1.955
-1.725 2.875 2.415
-0.805 2.875 1.955
-0.805 3.105 1.955
-0.575 3.335 1.955
-0.575 3.565 1.955
-0.345 3.335 1.955
-0.345 3.565 1.955
-1.725 2.185 3.565
-1.265 2.415 3.565
-2.645 4.485 0.805
-2.645 4.025 1.035
-2.645 4.025 1.265
-0.805 6.325 1.495
-0.575 6.325 1.495
-1.725 6.555 1.035
-1.725 6.785 1.035
-1.265 6.785 1.265
-1.035 6.785 1.265
-1.725 7.245 1.265
-1.265 7.015 1.035
-1.035 7.015 1.035
-1.265 7.245 1.265
-1.265 6.785 1.495
-1.035 6.785 1.495
-1.035 6.555 1.725
-1.265 7.015 1.495
-1.035 7.015 1.495
-1.265 7.015 1.725
-2.875 4.485 1.955
-2.185 3.795 1.955
-2.185 4.025 1.955
-1.955 4.025 1.955
-2.645 4.485 1.955
-2.185 4.255 1.955
-1.955 4.255 1.955
-2.875 5.405 2.415
-2.645 4.715 1.955
-2.415 4.945 1.955
-2.645 4.715 2.185
-2.415 4.715 2.185
-2.185 4.945 1.955
-2.185 4.715 2.185
-1.955 4.715 2.185
-2.185 4.945 2.185
-1.955 4.945 2.185
-2.645 5.405 1.955
-2.645 5.175 2.185
-2.185 5.405 2.185
-1.955 5.405 2.185
-2.645 5.405 2.415
-2.185 4.255 2.875
-1.495 3.795 1.955
-1.725 4.025 1.955
-1.495 4.025 1.955
-1.495 4.255 1.955
-1.495 4.485 1.955
-1.495 4.255 2.185
-1.265 4.485 1.955
-1.035 4.485 1.955
-1.265 4.255 2.185
-0.805 3.795 1.955
-0.575 3.795 1.955
-0.805 4.025 1.955
-0.575 4.025 1.955
-0.575 4.255 1.955
-0.805 4.485 1.955
-0.575 4.945 1.955
-0.345 4.945 1.955
-0.805 5.175 2.185
-2.645 5.635 2.185
-2.645 5.865 2.185
-2.645 6.325 1.955
-2.645 6.095 2.185
-2.415 6.095 2.185
-2.185 6.095 2.185
-2.415 6.555 1.955
-2.645 6.555 2.185
-2.415 6.555 2.185
-2.415 6.785 2.185
-2.185 6.785 2.415
-2.415 7.245 2.415
-1.955 7.015 2.415
-2.185 7.245 2.415
-1.955 7.245 2.415
-1.265 5.635 2.185
-1.035 5.635 2.185
-0.575 6.325 2.185
-0.345 6.325 2.185
-1.265 7.245 1.955
-1.035 7.245 1.955
-1.725 6.785 2.415
-1.495 6.785 2.415
-1.265 6.555 2.415
-1.035 6.555 2.415
-1.725 7.245 2.415
-1.495 7.245 2.415
-1.265 7.245 2.415
-1.035 7.245 2.415
-0.805 7.015 2.185
-0.805 6.785 2.415
-0.575 7.245 2.415
-0.575 1.035 3.795
-1.495 2.645 4.255
-0.805 1.955 3.795
-0.345 1.955 4.715
-3.105 4.025 4.485
-1.955 5.635 4.255
-1.495 7.475 1.265
-1.265 7.475 1.265
-1.035 7.705 1.265
-1.495 7.475 1.495
-1.495 7.475 1.725
-1.495 7.705 1.725
-0.575 7.475 2.415
-0.345 7.705 2.415
0.575 0.115 0.575
0.575 0.115 0.805
0.805 0.115 0.805
0.805 0.575 0.805
1.035 0.575 0.575
1.265 0.805 0.805
0.115 1.725 0.575
0.115 1.725 0.805
0.575 1.725 0.805
1.035 1.265 0.805
1.035 1.495 0.805
0.115 0.115 1.265
0.345 0.115 1.265
0.805 0.345 1.035
0.115 0.115 1.495
0.115 0.345 1.495
0.115 0.575 1.495
0.115 0.805 1.495
0.575 0.805 1.725
1.265 0.345 1.035
1.035 0.115 1.265
1.035 0.115 1.495
1.035 0.115 1.725
0.115 1.495 1.035
0.115 1.725 1.035
0.115 1.495 1.265
0.115 1.725 1.265
0.115 1.035 1.495
0.345 1.035 1.495
0.115 1.265 1.495
0.345 1.265 1.495
0.115 1.265 1.725
0.805 1.035 1.495
0.115 1.495 1.495
0.115 1.725 1.495
0.345 1.725 1.495
0.115 1.495 1.725
0.345 1.495 1.725
0.115 1.725 1.725
0.345 1.725 1.725
0.115 1.955 0.575
0.115 2.185 0.575
0.115 1.955 0.805
0.115 2.185 0.805
0.115 2.415 0.805
0.115 1.955 1.035
0.115 1.955 1.265
0.115 1.955 1.495
0.115 1.955 1.725
1.955 2.185 0.805
2.415 2.645 1.035
0.575 0.805 1.955
0.575 0.575 2.185
0.115 0.345 2.415
0.805 0.345 2.415
0.345 0.805 2.415
1.265 0.115 1.955
1.725 0.575 1.955
1.265 0.345 2.645
1.495 0.115 2.645
0.345 1.265 2.185
0.805 0.805 3.565
1.265 0.805 2.875
1.495 0.805 2.875
1.265 1.265 3.335
1.265 1.265 3.565
0.805 2.185 1.955
1.495 1.955 2.645
1.495 2.415 2.645
1.725 1.955 3.105
1.725 2.185 3.105
2.415 1.955 3.565
1.955 3.565 3.565
2.415 6.325 3.105
0.115 2.185 4.025
1.495 2.645 4.255
1.955 2.875 5.865
3.105 3.105 5.865
1.265 4.025 6.555
1.495 4.255 6.785
