1.265 -0.115 -6.095
0.345 -0.115 -2.415
0.115 -0.115 -1.265
0.345 -0.115 -1.265
-1.955 0.575 -8.855
-1.955 0.575 -8.625
-1.725 2.645 -9.085
-1.495 2.415 -8.625
-1.265 3.105 -9.085
-1.035 3.105 -7.935
-2.415 3.335 -5.635
-0.345 2.645 -5.635
-1.495 0.345 -4.945
-1.035 0.345 -4.715
-0.345 0.345 -4.715
-1.495 0.345 -4.255
-1.265 0.345 -4.485
-1.495 0.345 -4.025
-1.265 0.345 -4.025
-1.035 0.345 -4.025
-1.265 0.345 -3.795
-1.035 0.345 -3.795
-0.115 0.115 -4.485
-0.805 0.345 -3.795
-0.345 2.645 -5.175
-3.105 4.025 -6.785
-2.875 4.025 -6.555
-2.415 5.175 -5.635
-2.645 5.865 -6.325
-0.575 4.025 -4.255
-0.575 3.795 -4.025
-0.805 0.345 -3.565
-0.575 0.345 -3.565
-0.575 0.345 -3.335
-0.345 0.345 -3.335
-0.115 0.345 -3.335
-0.805 0.345 -3.105
-0.575 0.115 -2.875
-0.345 0.345 -3.105
-0.115 0.345 -3.105
-0.575 1.725 -3.105
-0.115 0.805 -2.185
-0.115 0.575 -1.955
-0.115 0.805 -1.955
-0.575 1.035 -2.645
-1.035 2.185 -3.105
-1.265 2.185 -2.875
-0.345 1.955 -3.105
-0.345 0.805 -1.725
-0.345 0.805 -1.495
-0.115 0.805 -1.495
-0.345 0.345 -1.265
-0.115 0.345 -1.265
-0.115 0.345 -1.035
-0.345 0.575 -1.265
-0.115 0.575 -1.265
-0.345 0.805 -1.265
-0.115 0.805 -1.265
-0.115 0.575 -1.035
-0.115 0.805 -1.035
-0.575 1.035 -1.725
-0.575 1.265 -1.725
-0.575 1.035 -1.495
-0.345 1.035 -1.725
-0.115 1.035 -1.725
-0.345 1.035 -1.495
-0.345 1.265 -1.495
-0.575 1.495 -1.495
-0.345 1.495 -1.495
-0.345 1.725 -1.495
-0.345 1.035 -1.265
-0.115 1.035 -1.265
-0.345 1.265 -1.265
-0.115 1.265 -1.265
-0.115 1.495 -1.265
-0.115 0.345 -0.805
-0.115 0.805 -0.805
-0.345 1.955 -1.725
0.345 0.805 -7.015
0.345 1.035 -7.245
0.345 1.035 -7.015
0.345 1.035 -6.555
0.345 2.645 -7.245
0.345 3.335 -6.095
0.115 3.565 -5.865
0.345 3.335 -5.635
1.035 0.575 -4.255
0.805 1.495 -4.255
0.115 1.955 -3.795
0.805 3.105 -4.255
1.725 4.945 -5.635
1.495 4.255 -5.405
2.415 3.795 -3.795
0.345 0.345 -3.105
1.265 0.345 -2.875
1.495 0.345 -3.105
1.035 0.575 -3.105
1.035 0.575 -2.875
0.115 0.115 -2.185
1.265 0.115 -2.415
1.035 0.345 -2.415
1.035 0.345 -2.185
0.805 1.035 -2.415
0.115 1.495 -2.185
0.345 2.185 -2.875
0.575 2.185 -2.875
1.035 3.105 -3.335
0.345 1.955 -2.645
1.035 2.645 -2.415
1.495 2.415 -2.415
2.185 3.105 -3.335
0.115 0.115 -1.495
0.345 0.345 -1.495
0.805 0.115 -1.725
0.115 0.805 -1.725
0.345 0.805 -1.495
0.345 0.345 -1.265
0.115 0.345 -1.035
0.345 0.345 -1.035
0.575 0.115 -1.035
0.575 0.345 -1.035
0.805 0.345 -1.035
0.115 0.575 -1.265
0.345 0.805 -1.035
0.575 0.575 -1.265
0.575 0.805 -1.265
0.575 0.575 -1.035
1.035 0.115 -1.725
1.035 0.115 -1.495
0.345 1.035 -1.495
0.115 1.495 -1.495
0.345 1.725 -1.495
0.805 1.495 -1.725
0.115 1.035 -1.265
0.345 1.035 -1.265
0.115 1.265 -1.265
0.115 1.265 -1.035
0.575 1.035 -1.035
1.035 1.265 -1.495
1.265 1.495 -1.725
0.115 0.345 -0.805
0.345 0.345 -0.805
0.805 0.345 -0.805
0.345 0.575 -0.805
0.575 0.575 -0.805
0.575 0.805 -0.805
0.805 0.805 -0.805
1.265 4.025 -3.565
