-0.115 6.555 -5.405
-0.805 1.265 -1.035
-0.345 1.725 -1.035
-0.115 0.115 -0.575
-0.575 0.345 -0.345
-0.345 0.115 -0.345
-0.115 0.115 -0.345
-0.115 0.345 -0.345
-0.575 0.805 -0.345
-0.575 0.575 -0.115
-0.575 0.805 -0.115
-0.345 0.805 -0.345
-0.115 0.805 -0.345
-0.115 0.805 -0.115
-0.805 1.035 -0.805
-0.575 1.035 -0.345
-0.575 1.035 -0.115
-0.115 1.035 -0.345
-0.345 1.035 -0.115
-0.345 1.265 -0.115
-0.115 1.265 -0.115
-0.575 1.495 -0.345
-0.575 1.725 -0.345
-0.575 1.725 -0.115
-0.345 1.725 -0.345
-0.115 1.495 -0.115
-0.345 1.725 -0.115
-0.115 1.725 -0.115
-1.035 1.955 -1.495
-0.805 2.185 -1.495
-0.115 1.955 -0.805
-0.115 2.185 -0.805
-0.575 1.955 -0.345
-0.345 1.955 -0.345
-0.115 1.955 -0.345
-0.345 1.955 -0.115
-0.115 1.955 -0.115
-0.345 2.185 -0.115
-0.115 2.185 -0.115
-0.115 2.645 -0.115
-0.345 2.875 -0.575
-0.575 3.795 -2.875
3.565 4.255 -5.405
2.875 4.025 -3.795
3.105 4.255 -4.025
0.115 7.245 -4.485
5.635 4.945 -3.795
2.645 1.725 -3.335
2.185 1.265 -2.185
0.345 2.185 -2.185
1.035 2.185 -1.955
1.265 2.185 -1.955
1.725 2.185 -1.955
1.035 2.645 -2.185
0.575 3.565 -2.645
0.115 3.335 -1.955
0.345 3.335 -1.955
2.185 1.955 -3.335
2.415 2.645 -3.335
2.645 3.335 -3.565
1.955 3.565 -2.875
3.105 2.875 -2.875
2.645 2.185 -2.415
2.645 2.415 -2.645
2.645 2.645 -2.415
1.955 2.875 -2.415
0.575 0.345 -1.265
0.805 0.805 -1.265
0.115 1.725 -1.495
0.115 1.725 -1.035
0.575 1.725 -1.035
1.495 1.495 -1.725
1.035 1.495 -1.035
1.495 1.725 -1.265
0.115 0.345 -0.575
0.345 0.345 -0.575
0.575 0.575 -0.805
0.115 0.115 -0.345
0.115 0.115 -0.115
0.115 0.575 -0.345
0.345 0.575 -0.345
0.115 0.805 -0.345
0.115 0.575 -0.115
0.115 0.805 -0.115
1.035 0.805 -0.345
0.115 1.265 -0.575
0.575 1.035 -0.575
0.575 1.725 -0.575
0.115 1.495 -0.115
0.115 1.725 -0.115
1.035 1.035 -0.345
1.265 1.035 -0.345
1.035 1.035 -0.115
1.495 1.495 -0.115
1.955 1.495 -1.035
1.955 1.725 -0.575
1.725 2.185 -1.725
1.035 2.645 -1.035
1.265 3.565 -1.495
0.115 2.185 -0.805
0.115 2.415 -0.805
0.115 1.955 -0.115
1.035 1.955 -0.345
4.025 3.105 -3.105
4.715 3.335 -1.495
0.575 4.255 -2.875
1.265 3.795 -3.105
0.345 5.635 -3.105
1.265 3.795 -1.495
2.185 4.715 -0.575
2.415 4.715 -0.805
2.645 4.715 -0.345
3.795 6.785 -3.105
-0.115 0.345 0.115
-0.115 0.575 0.115
-0.115 0.805 0.115
-0.345 0.805 0.345
-0.115 1.265 0.115
-0.115 1.265 0.345
-0.115 1.495 0.115
-0.345 1.725 0.115
-0.115 1.725 0.115
-0.345 1.495 0.345
-0.115 1.495 0.345
-0.115 1.955 0.115
0.115 0.575 0.115
0.345 0.575 0.115
0.115 0.805 0.115
0.115 0.575 0.345
0.345 0.575 0.345
0.115 0.805 0.345
0.345 0.805 0.345
0.575 0.805 0.345
0.115 1.035 0.115
0.345 1.035 0.115
0.115 1.265 0.115
0.345 1.265 0.115
0.345 1.035 0.345
0.115 1.265 0.345
0.345 1.265 0.345
0.575 1.035 0.115
0.575 1.265 0.115
0.805 1.265 0.115
0.575 1.035 0.345
0.575 1.265 0.345
0.115 1.495 0.115
0.345 1.495 0.115
0.115 1.725 0.115
0.345 1.725 0.115
0.115 1.495 0.345
1.035 1.035 0.115
0.115 1.955 0.115
0.575 2.185 0.115
0.575 1.955 0.345
1.265 2.645 0.115
