-1.035 -0.575 1.495
-1.265 -0.575 1.725
-1.265 -0.115 1.725
-0.575 -0.345 1.495
-0.805 -0.115 1.495
-0.805 -0.115 1.725
-0.345 -0.115 1.495
-1.955 -0.115 3.565
-1.035 -1.035 2.185
-1.265 -1.495 2.415
-1.265 -1.495 2.645
-1.495 -1.035 2.415
-1.265 -1.265 2.415
-1.035 -1.265 2.415
-1.265 -1.035 2.415
-1.035 -1.035 2.415
-1.265 -1.265 2.645
-0.805 -1.265 2.185
-0.575 -1.265 2.185
-0.805 -1.035 2.185
-0.575 -1.035 2.185
-0.805 -1.265 2.415
-0.575 -1.265 2.415
-0.805 -1.035 2.415
-0.575 -1.035 2.415
-0.575 -1.265 2.645
-0.345 -1.035 2.415
-1.265 -0.575 1.955
-1.035 -0.575 1.955
-1.495 -0.805 2.415
-1.495 -0.575 2.415
-1.495 -0.575 2.645
-1.265 -0.805 2.415
-1.035 -0.805 2.415
-1.265 -0.575 2.415
-1.035 -0.575 2.415
-1.035 -0.805 2.645
-1.495 -0.345 2.415
-1.495 -0.115 2.415
-1.725 -0.345 2.645
-1.495 -0.345 2.645
-1.725 -0.115 2.645
-1.495 -0.115 2.645
-1.265 -0.345 2.415
-1.035 -0.345 2.415
-1.265 -0.115 2.415
-1.035 -0.115 2.415
-0.805 -0.805 2.185
-0.575 -0.805 2.185
-0.805 -0.575 2.185
-0.575 -0.575 2.185
-0.345 -0.805 1.955
-0.115 -0.805 1.955
-0.345 -0.575 1.955
-0.345 -0.805 2.185
-0.115 -0.805 2.185
-0.345 -0.575 2.185
-0.805 -0.345 1.955
-0.575 -0.115 1.955
-0.805 -0.115 2.185
-0.575 -0.115 2.185
-0.345 -0.345 1.955
-0.345 -0.345 2.185
-0.345 -0.115 1.955
-0.345 -0.115 2.185
-0.115 -0.345 1.955
-0.115 -0.345 2.185
-0.115 -0.115 1.955
-0.115 -0.115 2.185
-0.805 -0.805 2.415
-0.805 -0.575 2.415
-0.575 -0.575 2.415
-0.805 -0.345 2.415
-0.805 -0.115 2.415
-0.575 -0.115 2.415
-0.345 -0.345 2.645
-1.035 -1.495 3.105
-1.725 -1.495 3.565
-0.115 -1.035 3.335
-1.265 -0.575 2.875
-1.035 -0.575 3.105
-1.725 -0.115 3.105
-0.345 -0.575 3.105
-0.115 -0.115 2.875
-0.115 -0.575 3.335
-0.805 -4.255 5.175
-2.415 -5.175 6.785
-1.725 -1.725 4.025
-0.575 -1.035 4.255
-1.265 -1.955 6.325
-1.265 -1.955 6.555
-1.955 -2.875 9.085
-1.955 -2.415 8.625
-1.955 -2.645 8.855
-1.725 -1.955 7.935
-1.955 -2.875 9.775
0.345 -2.185 3.565
0.115 -0.805 1.955
0.115 -0.575 1.955
0.345 -0.575 1.955
0.115 -0.805 2.185
0.115 -0.575 2.185
0.575 -0.805 2.185
0.575 -0.575 2.185
0.115 -0.345 1.955
0.345 -0.345 1.955
0.115 -0.115 1.955
0.345 -0.115 1.955
0.115 -0.115 2.415
1.725 -1.725 3.335
0.115 -3.105 5.405
0.345 -1.035 4.255
4.255 -3.105 5.635
0.805 -4.945 7.475
3.565 -3.795 7.705
3.795 -4.485 7.475
-1.265 0.115 1.725
-1.035 0.345 1.725
-0.575 0.115 1.265
-0.575 0.115 1.495
-0.575 0.115 1.725
-0.575 0.345 1.725
-0.345 0.345 1.495
-0.805 0.575 1.495
-0.805 0.575 1.725
-0.575 0.575 1.725
-0.575 0.805 1.725
-0.345 0.575 1.725
-0.115 0.575 1.725
-0.345 0.805 1.725
-1.955 0.345 3.565
-1.265 0.115 1.955
-1.035 0.345 1.955
-1.035 0.575 2.185
-1.035 0.805 2.185
-1.495 0.115 2.415
-1.495 0.345 2.415
-1.495 0.115 2.645
-1.725 0.345 2.645
-1.495 0.345 2.645
-1.265 0.115 2.415
-1.035 0.115 2.415
-1.265 0.345 2.415
-1.265 0.115 2.645
-1.495 0.575 2.415
-1.265 0.575 2.415
-1.035 0.575 2.415
-1.035 0.805 2.415
-1.265 0.575 2.645
-0.805 0.115 1.955
-0.805 0.115 2.185
-0.805 0.345 1.955
-0.805 0.345 2.185
-0.575 0.115 1.955
-0.575 0.115 2.185
-0.575 0.345 1.955
-0.575 0.345 2.185
-0.345 0.115 1.955
-0.345 0.345 1.955
-0.115 0.345 1.955
-0.345 0.115 2.185
-0.115 0.115 2.185
-0.345 0.345 2.185
-0.115 0.345 2.185
-0.805 0.575 2.185
-0.575 0.575 2.185
-0.805 0.805 2.185
-0.575 0.805 2.185
-0.345 0.575 1.955
-0.115 0.575 1.955
-0.345 0.805 1.955
-0.115 0.805 1.955
-0.345 0.575 2.185
-0.115 0.575 2.185
-0.115 0.805 2.185
-0.805 0.115 2.415
-0.575 0.115 2.415
-0.805 0.345 2.415
-0.575 0.345 2.415
-0.575 0.115 2.645
-0.345 0.115 2.415
-0.805 0.575 2.415
-0.575 0.575 2.415
-0.575 0.575 2.645
-0.345 0.575 2.415
-0.115 0.575 2.415
-0.345 0.575 2.645
-0.115 0.805 2.645
-1.035 0.575 2.875
-1.725 0.345 3.335
-1.725 0.345 3.565
-0.805 0.575 2.875
-0.805 0.115 3.335
-0.805 0.805 3.335
0.115 0.345 1.955
0.345 0.115 2.645
0.345 1.035 3.335
1.495 0.115 4.025
3.335 2.185 9.085
