-1.035 -0.345 0.345
-0.345 -0.575 0.345
-0.115 -0.345 0.345
-0.575 -0.805 0.575
-0.805 -0.805 0.805
-0.575 -0.805 0.805
-0.805 -0.575 0.805
-0.575 -0.575 0.805
-0.345 -0.575 0.575
-0.345 -0.805 0.805
-0.115 -0.575 0.805
-0.805 -0.345 0.805
-0.575 -0.345 0.805
-0.115 -0.345 0.575
-0.115 -0.115 0.575
-0.115 -0.115 0.805
-1.035 -0.115 1.035
0.115 -0.575 0.345
-0.575 0.345 0.805
-0.805 1.035 0.805
-1.035 0.345 1.265
-0.115 0.805 1.035
-1.265 1.035 1.495
-1.035 1.495 1.495
-0.575 1.265 1.035
-1.495 2.875 1.725
-0.345 3.335 1.725
-1.035 4.255 1.955
0.115 0.115 0.345
0.345 0.805 0.805
0.805 1.265 0.805
0.115 0.115 1.035
0.345 0.115 1.035
0.575 0.345 1.035
0.575 0.575 1.035
0.115 1.265 1.495
0.575 2.645 1.265
1.035 2.185 1.265
0.115 1.495 1.955
0.805 5.405 1.725
2.645 4.485 2.875
