-0.805 -0.345 -5.635
2.875 -0.345 -6.095
0.345 -0.115 -2.875
0.115 -0.115 -1.265
0.345 -0.115 -1.035
0.575 -0.115 -1.035
1.035 -0.115 -1.495
-1.035 1.725 -5.635
-2.415 3.335 -5.635
-0.345 2.645 -5.635
-1.035 0.345 -4.945
-1.265 0.345 -4.715
-0.575 0.345 -4.715
-0.575 1.725 -4.945
-1.265 0.345 -4.485
-1.495 0.345 -4.025
-1.265 0.345 -4.025
-1.035 0.345 -4.025
-1.035 0.345 -3.795
-1.265 0.575 -4.025
-0.805 0.345 -4.485
-0.805 0.345 -3.795
-1.265 1.955 -5.175
-0.115 1.955 -3.795
-3.105 4.025 -6.785
-2.875 4.025 -6.555
-2.875 5.175 -5.865
-2.645 5.175 -5.635
-2.645 5.865 -6.325
-0.805 7.245 -6.555
-1.265 5.635 -5.635
-0.805 5.405 -4.945
-0.805 0.345 -3.565
-0.805 0.345 -3.335
-0.575 0.345 -3.335
-0.345 0.345 -3.335
-0.115 0.345 -3.335
-0.805 0.345 -3.105
-0.575 0.115 -2.875
-0.115 0.115 -3.105
-0.345 0.345 -3.105
-0.115 0.345 -3.105
-0.345 0.345 -2.645
-0.345 0.805 -2.185
-0.115 1.495 -2.645
-1.035 2.185 -3.105
-0.345 2.415 -2.875
-0.115 1.955 -2.185
-0.345 0.805 -1.725
-0.115 0.805 -1.725
-0.345 0.575 -1.495
-0.115 0.575 -1.495
-0.345 0.805 -1.495
-0.115 0.805 -1.495
-0.345 0.345 -1.265
-0.345 0.345 -1.035
-0.115 0.345 -1.035
-0.345 0.575 -1.265
-0.345 0.805 -1.265
-0.115 0.805 -1.265
-0.115 0.575 -1.035
-0.115 0.805 -1.035
-0.575 1.035 -1.725
-0.575 1.265 -1.725
-0.575 1.035 -1.495
-0.575 1.265 -1.495
-0.115 1.265 -1.725
-0.345 1.035 -1.495
-0.345 1.265 -1.495
-0.575 1.495 -1.495
-0.575 1.725 -1.495
-0.345 1.495 -1.495
-0.345 1.725 -1.495
-0.345 1.035 -1.265
-0.115 1.035 -1.265
-0.345 1.265 -1.265
-0.115 1.265 -1.265
-0.345 1.495 -1.265
-0.115 0.345 -0.805
-0.115 1.955 -1.725
0.345 1.035 -7.475
0.345 4.715 -8.395
1.495 5.405 -7.705
0.345 0.805 -7.245
0.345 0.805 -7.015
0.345 1.035 -6.785
0.345 1.035 -6.555
0.345 1.035 -6.325
0.115 3.565 -5.865
0.345 3.335 -5.635
1.495 0.345 -4.255
1.725 0.115 -4.025
1.035 0.575 -4.025
0.805 1.495 -4.255
2.645 3.565 -4.255
0.805 4.025 -5.635
1.495 4.485 -5.175
2.185 4.485 -5.405
3.105 5.175 -5.175
2.875 4.945 -4.945
0.345 0.115 -3.335
0.115 0.345 -3.335
0.345 0.115 -3.105
0.115 0.345 -3.105
0.115 0.115 -2.875
1.035 0.575 -3.105
0.115 0.115 -2.185
0.575 0.345 -2.185
1.035 0.345 -2.645
1.035 0.115 -2.415
1.035 0.345 -2.415
1.035 0.345 -2.185
0.805 1.035 -2.415
0.115 1.495 -2.185
0.345 1.495 -1.955
1.035 1.725 -1.955
1.265 1.725 -1.955
1.495 1.725 -1.955
0.345 2.185 -2.875
0.575 1.955 -2.415
2.185 3.105 -3.335
0.115 0.115 -1.725
0.345 0.345 -1.495
0.805 0.115 -1.725
0.115 0.575 -1.725
0.115 0.805 -1.725
0.345 0.805 -1.495
0.805 0.575 -1.495
0.345 0.345 -1.265
0.115 0.115 -1.035
0.345 0.115 -1.035
0.115 0.345 -1.035
0.345 0.345 -1.035
0.805 0.345 -1.265
0.575 0.115 -1.035
0.575 0.345 -1.035
0.115 0.805 -1.265
0.345 0.805 -1.035
0.575 0.805 -1.265
0.575 0.575 -1.035
0.805 0.575 -1.035
0.575 0.805 -1.035
1.035 0.115 -1.495
0.345 1.035 -1.495
0.805 1.495 -1.725
0.575 1.495 -1.495
0.115 1.035 -1.265
0.345 1.035 -1.265
0.115 1.265 -1.265
0.345 1.035 -1.035
0.575 1.265 -1.265
0.115 1.495 -1.265
1.265 1.035 -1.725
1.265 1.495 -1.725
0.115 0.345 -0.805
0.345 0.345 -0.805
0.115 0.575 -0.805
0.345 0.805 -0.805
0.575 0.575 -0.805
0.575 0.805 -0.805
