-5.175 -4.255 3.105
-4.945 -4.255 3.105
-4.945 -3.565 2.415
-4.715 -3.335 2.415
-4.715 -3.565 2.645
-4.485 -3.105 2.415
-3.795 -2.645 1.955
-2.875 -1.495 1.495
-2.415 -0.575 1.265
-2.185 -0.805 1.265
-2.185 -0.575 1.265
-2.415 -0.345 1.035
-2.415 -0.115 1.035
-2.415 -0.345 1.265
-2.645 -0.115 1.265
-2.415 -0.115 1.265
-2.185 -0.345 1.035
-2.185 -0.345 1.265
-2.185 -0.115 1.265
-2.415 -0.575 1.495
-2.415 -0.575 1.725
-2.185 -0.805 1.495
-2.185 -0.805 1.725
-2.185 -0.575 1.495
-2.185 -0.575 1.725
-1.955 -0.805 1.495
-1.955 -0.805 1.725
-1.955 -0.575 1.495
-1.955 -0.575 1.725
-2.645 -0.345 1.495
-2.645 -0.345 1.725
-2.645 -0.115 1.495
-2.645 -0.115 1.725
-2.415 -0.345 1.495
-2.415 -0.345 1.725
-2.415 -0.115 1.495
-2.415 -0.115 1.725
-2.185 -0.345 1.495
-1.955 -0.345 1.495
-2.185 -0.115 1.495
-2.185 -0.345 1.725
-2.185 -0.115 1.725
-1.725 -0.805 1.725
-1.495 -0.115 1.725
-2.185 -1.955 3.565
-2.185 -1.035 1.955
-1.955 -1.035 1.955
-1.955 -1.265 2.185
-2.185 -1.035 2.185
-1.955 -1.035 2.185
-2.185 -1.265 2.415
-1.955 -1.265 2.415
-1.955 -1.035 2.415
-3.565 -0.805 2.645
-2.415 -0.805 1.955
-2.415 -0.575 1.955
-2.415 -0.805 2.185
-2.645 -0.575 2.185
-2.185 -0.805 1.955
-2.185 -0.805 2.185
-2.185 -0.575 1.955
-2.185 -0.575 2.185
-1.955 -0.805 1.955
-1.955 -0.805 2.185
-1.955 -0.575 1.955
-1.955 -0.575 2.185
-2.645 -0.345 1.955
-2.415 -0.345 1.955
-2.645 -0.115 1.955
-2.415 -0.115 1.955
-2.645 -0.345 2.185
-2.185 -0.345 1.955
-2.185 -0.115 1.955
-2.185 -0.345 2.185
-1.955 -0.345 2.185
-2.185 -0.115 2.185
-1.955 -0.115 2.185
-2.415 -0.805 2.415
-1.955 -0.805 2.415
-1.955 -0.575 2.415
-1.955 -0.345 2.415
-1.955 -1.495 3.335
-1.955 -0.345 2.875
-1.725 -1.035 2.185
-1.725 -1.265 2.415
-1.725 -1.035 2.415
-1.495 -1.035 2.415
-1.725 -1.265 2.645
-1.495 -1.265 2.645
-1.495 -1.035 2.645
-1.725 -0.805 2.185
-1.495 -0.805 2.185
-1.725 -0.575 2.185
-1.725 -0.345 2.185
-1.725 -0.115 2.185
-1.265 -0.345 1.955
-1.035 -0.345 2.185
-1.035 -0.115 2.185
-1.725 -0.805 2.415
-1.725 -0.575 2.415
-1.265 -0.805 2.645
-1.265 -0.575 2.645
-1.035 -0.575 2.645
-1.725 -0.345 2.415
-1.495 -0.345 2.415
-1.725 -0.115 2.415
-1.495 -0.115 2.415
-1.495 -0.345 2.645
-1.495 -0.115 2.645
-1.265 -0.345 2.415
-1.035 -0.345 2.415
-1.035 -0.115 2.415
-1.265 -0.345 2.645
-1.265 -0.115 2.645
-1.495 -1.265 2.875
-1.035 -1.035 2.875
-1.035 -1.035 3.105
-1.265 -0.805 2.875
-1.035 -0.805 2.875
-1.265 -0.575 2.875
-5.175 -2.645 7.015
-2.185 -2.875 4.025
-3.565 -3.565 5.405
-2.185 -2.645 4.715
-1.265 -2.645 4.715
-1.955 -1.265 3.795
-1.955 -1.035 3.795
-3.565 -1.265 5.175
-1.725 -1.035 3.795
-1.725 -1.955 6.325
-7.705 -1.035 7.705
-2.645 -4.255 7.935
-5.635 -3.105 7.705
-5.635 0.115 3.105
-3.795 0.115 1.955
-2.875 0.115 1.265
-2.875 0.345 1.265
-2.875 0.115 1.495
-3.105 0.345 1.495
-2.875 0.345 1.495
-2.875 0.345 1.725
-3.105 0.575 1.495
-2.645 0.115 1.265
-2.415 0.115 1.265
-2.645 0.345 1.265
-1.955 0.115 1.035
-1.955 0.345 1.265
-2.645 0.575 1.265
-2.415 0.575 1.265
-2.185 0.575 1.035
-2.185 0.575 1.265
-1.955 0.575 1.265
-2.185 0.805 1.265
-1.955 0.805 1.265
-2.645 0.115 1.495
-2.645 0.345 1.495
-2.645 0.115 1.725
-2.415 0.115 1.725
-2.645 0.345 1.725
-2.415 0.345 1.725
-2.645 0.575 1.495
-2.645 0.805 1.495
-2.645 0.575 1.725
-2.415 0.575 1.725
-2.645 0.805 1.725
-2.415 0.805 1.725
-2.185 0.575 1.495
-2.185 0.805 1.495
-1.955 0.805 1.495
-1.955 0.575 1.725
-2.185 0.805 1.725
-1.955 1.035 1.495
-2.185 1.035 1.725
-1.725 0.345 1.265
-1.725 0.575 1.035
-1.725 0.805 1.265
-1.725 0.115 1.495
-1.495 0.115 1.495
-1.495 0.345 1.495
-1.725 0.345 1.725
-1.265 0.345 1.495
-1.265 0.115 1.725
-1.495 0.805 1.495
-3.565 0.115 1.955
-3.105 0.115 2.185
-3.105 0.575 2.645
-2.415 0.115 1.955
-2.415 0.345 1.955
-2.185 0.115 1.955
-2.185 0.345 1.955
-1.955 0.345 1.955
-2.185 0.115 2.185
-1.955 0.115 2.185
-2.185 0.345 2.185
-1.955 0.345 2.185
-2.185 0.575 1.955
-1.955 0.575 1.955
-2.185 0.805 1.955
-1.955 0.805 1.955
-1.955 0.575 2.185
-2.185 0.805 2.185
-1.955 0.805 2.185
-2.185 0.345 2.415
-2.185 1.035 1.955
-1.955 1.035 1.955
-2.185 1.035 2.185
-1.955 1.035 2.185
-2.185 1.035 2.415
-1.955 1.035 2.415
-1.955 1.265 2.415
-2.185 1.265 2.875
-2.415 1.265 3.565
-1.495 0.345 1.955
-1.725 0.115 2.185
-1.725 0.345 2.185
-1.035 0.115 1.955
-1.035 0.115 2.185
-1.495 0.575 1.955
-1.725 0.575 2.185
-1.495 0.575 2.185
-1.725 0.115 2.415
-1.495 0.115 2.415
-1.725 0.345 2.415
-1.495 0.345 2.415
-1.495 0.115 2.645
-1.265 0.345 2.415
-1.265 0.115 2.645
-1.725 0.575 2.415
-1.495 0.575 2.415
-1.495 0.805 2.415
-1.725 1.035 1.955
-1.495 1.035 2.185
-1.725 1.265 2.185
-1.495 1.265 2.185
-1.495 1.035 2.415
-1.495 0.115 3.105
-1.265 0.115 2.875
-1.265 0.115 3.105
-1.495 0.805 2.875
-1.725 0.345 3.565
-6.555 0.575 5.635
-4.025 1.495 7.015
-3.105 1.265 4.255
-2.415 1.265 4.255
