-0.345 0.805 -0.115
-0.345 1.265 -0.345
-0.115 1.265 -0.345
-0.115 1.265 -0.115
-0.345 1.495 -0.345
-0.115 1.495 -0.345
-0.115 1.725 -0.345
-0.345 1.495 -0.115
-0.115 1.495 -0.115
7.245 1.725 -3.795
7.015 2.185 -4.255
0.575 0.805 -0.575
0.575 0.115 -0.345
0.575 0.345 -0.115
0.115 0.805 -0.115
0.345 0.805 -0.115
0.575 0.805 -0.115
0.805 0.805 -0.115
1.035 0.345 -0.115
1.035 0.575 -0.115
1.035 0.805 -0.115
0.575 1.265 -0.805
0.805 1.265 -0.805
0.805 1.265 -0.575
0.115 1.495 -0.575
0.115 1.265 -0.345
0.345 1.035 -0.115
0.115 1.265 -0.115
0.345 1.265 -0.115
0.805 1.035 -0.115
0.575 1.265 -0.115
0.805 1.265 -0.115
0.115 1.495 -0.345
0.115 1.725 -0.345
0.345 1.725 -0.345
0.115 1.495 -0.115
0.345 1.495 -0.115
0.575 1.495 -0.115
0.805 1.495 -0.115
1.265 1.265 -0.805
1.495 1.265 -0.575
1.265 1.495 -0.575
1.265 1.035 -0.345
1.035 1.035 -0.115
1.035 1.265 -0.115
1.035 1.495 -0.115
1.955 1.495 -1.035
2.185 0.575 -0.805
1.955 1.495 -0.115
1.495 2.185 -1.495
0.115 2.185 -0.115
0.575 1.955 -0.345
0.575 2.185 -0.345
1.495 2.875 -0.345
2.185 2.185 -1.495
2.185 1.955 -1.035
2.415 1.955 -1.265
2.645 4.485 -0.575
4.025 4.025 -3.335
3.565 7.935 -2.645
-0.115 0.345 0.115
-0.345 0.575 0.115
-0.115 0.805 0.115
-0.345 0.805 0.575
-0.115 0.805 0.575
-0.115 1.265 0.115
-0.345 1.035 0.345
-0.115 1.035 0.345
-0.115 1.495 0.115
-0.345 1.035 0.575
-0.115 1.035 0.805
-0.115 1.265 0.805
0.115 0.115 0.115
0.345 0.115 0.115
0.115 0.345 0.115
0.345 0.345 0.115
0.575 0.345 0.115
0.805 0.345 0.115
0.575 0.345 0.345
0.805 0.345 0.345
0.115 0.575 0.115
0.345 0.575 0.115
0.575 0.575 0.115
0.575 0.575 0.345
0.575 0.805 0.115
0.575 0.805 0.345
0.805 0.575 0.115
0.805 0.575 0.345
0.805 0.805 0.115
0.805 0.805 0.345
0.805 0.345 0.575
0.575 0.345 0.805
0.345 0.805 0.575
0.115 0.575 0.805
0.345 0.575 0.805
0.345 0.805 0.805
0.575 0.575 0.575
0.805 0.575 0.575
0.575 0.805 0.575
0.575 0.575 0.805
0.805 0.575 0.805
0.575 0.805 0.805
1.035 0.575 0.115
1.035 0.805 0.115
1.035 0.805 0.345
1.035 0.575 0.575
1.035 0.805 0.575
1.265 0.805 0.575
1.035 0.575 0.805
0.115 1.265 0.115
0.345 1.265 0.115
0.115 1.035 0.345
0.345 1.035 0.345
0.805 1.035 0.115
0.575 1.265 0.115
0.805 1.265 0.115
0.575 1.035 0.345
0.805 1.035 0.345
0.575 1.265 0.345
0.805 1.265 0.345
0.115 1.495 0.115
0.345 1.495 0.115
0.115 1.265 0.575
0.115 1.035 0.805
0.575 1.265 0.575
0.805 1.265 0.575
0.575 1.035 0.805
0.575 1.265 0.805
0.115 1.495 0.575
0.345 1.495 0.575
0.115 1.725 0.575
0.345 1.725 0.575
0.345 1.725 0.805
0.575 1.495 0.575
0.805 1.495 0.575
0.575 1.725 0.575
0.805 1.725 0.575
0.575 1.495 0.805
0.805 1.495 0.805
1.035 1.035 0.115
1.035 1.265 0.115
1.035 1.495 0.115
1.265 1.035 0.575
1.035 1.495 0.575
1.035 1.725 0.575
1.495 1.495 0.805
0.805 0.345 1.035
0.115 0.575 1.035
0.575 0.575 1.035
0.805 0.575 1.035
0.575 0.805 1.035
0.805 0.805 1.035
0.115 1.035 1.035
0.115 1.265 1.035
0.575 1.035 1.035
0.805 1.265 1.035
0.805 1.265 1.265
0.115 1.495 1.035
0.115 1.725 1.035
0.345 1.725 1.035
0.345 1.725 1.265
0.805 1.495 1.035
0.575 1.725 1.035
0.805 1.725 1.035
0.575 1.495 1.265
0.805 1.495 1.265
0.575 1.725 1.265
0.805 1.725 1.265
1.035 1.035 1.265
1.035 1.495 1.035
1.035 1.725 1.035
1.035 1.725 1.265
1.265 1.725 1.265
3.335 1.265 0.805
0.345 1.955 0.805
0.575 1.955 0.575
1.035 1.955 0.345
0.345 1.955 1.035
0.345 1.955 1.265
0.575 1.955 1.265
0.805 1.955 1.265
1.035 1.955 1.265
2.185 1.955 0.575
1.955 3.335 1.035
2.645 3.105 1.725
3.565 3.335 1.495
2.415 3.795 1.265
2.415 5.635 0.805
3.105 6.325 2.415
6.095 5.865 2.415
6.555 6.095 2.645
