-0.115 1.265 -0.345
-0.115 1.265 -0.115
-0.115 1.495 -0.345
-0.115 1.495 -0.115
4.485 3.795 -3.795
3.565 2.875 -2.645
1.725 1.725 -1.265
0.805 0.345 -0.115
0.345 0.575 -0.115
0.115 0.805 -0.115
0.345 0.805 -0.115
0.575 0.805 -0.345
0.805 0.805 -0.345
0.805 0.575 -0.115
0.805 0.805 -0.115
1.725 0.805 -0.805
1.265 0.805 -0.345
1.035 0.575 -0.115
1.035 0.805 -0.115
0.115 1.265 -0.345
0.115 1.265 -0.115
0.345 1.265 -0.115
0.575 1.035 -0.345
0.575 1.035 -0.115
0.805 1.035 -0.115
0.575 1.265 -0.115
0.805 1.265 -0.115
0.115 1.495 -0.345
0.115 1.725 -0.345
0.115 1.495 -0.115
0.345 1.495 -0.115
0.575 1.495 -0.115
0.805 1.495 -0.115
1.035 1.035 -0.345
1.265 1.035 -0.345
1.035 1.035 -0.115
1.035 1.265 -0.115
1.265 1.265 -0.115
1.035 1.495 -0.115
1.495 2.185 -1.265
1.725 2.185 -0.115
1.495 2.645 -0.345
0.805 3.335 -0.805
1.495 2.875 -0.345
1.725 2.875 -0.345
4.255 1.725 -2.415
5.865 2.185 -3.105
1.495 4.945 -0.805
4.025 4.485 -3.565
4.255 7.015 -3.105
-0.115 0.575 0.115
-0.115 0.575 0.575
-0.115 0.805 0.575
-0.115 1.265 0.115
-0.115 1.035 0.345
-0.115 1.265 0.345
-0.115 1.495 0.115
-0.345 1.035 0.575
-0.115 1.035 0.805
-0.115 1.495 0.575
-0.115 1.035 1.035
0.345 0.115 0.115
0.345 0.345 0.115
0.575 0.345 0.115
0.805 0.345 0.115
0.805 0.345 0.345
0.575 0.575 0.115
0.805 0.575 0.115
0.805 0.805 0.115
0.575 0.575 0.345
0.805 0.575 0.345
0.575 0.805 0.345
0.805 0.805 0.345
0.345 0.345 0.805
0.575 0.345 0.575
0.805 0.345 0.575
0.805 0.345 0.805
0.345 0.575 0.575
0.575 0.575 0.575
0.805 0.575 0.575
0.575 0.805 0.575
0.575 0.575 0.805
0.805 0.575 0.805
0.575 0.805 0.805
1.035 0.345 0.115
1.035 0.575 0.115
1.035 0.805 0.115
1.035 0.575 0.345
1.265 0.805 0.345
1.035 0.345 0.575
1.265 0.345 0.805
1.035 0.575 0.805
1.265 0.575 0.805
0.115 1.265 0.115
0.345 1.265 0.115
0.345 1.035 0.345
0.575 1.035 0.115
0.575 1.035 0.345
0.575 1.265 0.115
0.575 1.265 0.345
0.805 1.035 0.115
0.805 1.035 0.345
0.805 1.265 0.115
0.805 1.265 0.345
0.345 1.495 0.115
0.115 1.035 0.805
0.345 1.265 0.805
0.805 1.035 0.575
0.575 1.265 0.575
0.805 1.265 0.575
0.575 1.035 0.805
0.805 1.035 0.805
0.575 1.265 0.805
0.115 1.495 0.575
0.345 1.495 0.575
0.115 1.725 0.575
0.345 1.725 0.575
0.345 1.495 0.805
0.345 1.725 0.805
0.575 1.495 0.575
0.805 1.495 0.575
0.575 1.725 0.575
0.575 1.495 0.805
0.805 1.495 0.805
0.575 1.725 0.805
1.035 1.035 0.115
1.265 1.035 0.115
1.035 1.265 0.115
1.265 1.265 0.115
1.035 1.265 0.345
1.035 1.265 0.575
1.035 1.495 0.575
1.035 1.495 0.805
1.265 1.495 0.805
0.115 0.345 1.035
0.805 0.345 1.035
0.345 0.805 1.035
0.575 0.575 1.035
0.805 0.575 1.035
0.575 0.805 1.035
0.805 0.805 1.035
0.805 0.575 1.265
0.805 0.805 1.265
1.265 0.575 1.035
0.345 1.035 1.035
0.115 1.035 1.265
0.115 1.265 1.265
0.805 1.035 1.035
0.575 1.265 1.035
0.805 1.265 1.035
0.575 1.035 1.265
0.115 1.725 1.035
0.345 1.725 1.035
0.115 1.725 1.265
0.345 1.725 1.265
0.575 1.725 1.035
0.805 1.495 1.265
0.575 1.725 1.265
0.805 1.725 1.265
0.345 1.725 1.495
1.035 1.265 1.035
1.035 1.265 1.265
1.495 1.035 1.265
1.035 1.495 1.035
1.265 1.725 1.035
1.035 1.495 1.265
1.265 1.495 1.265
1.035 1.725 1.265
1.495 1.725 1.265
1.035 1.495 1.495
1.265 1.725 1.495
2.415 1.265 0.115
2.415 1.495 0.115
2.645 1.495 0.115
2.415 1.725 0.345
3.105 1.035 0.575
2.645 1.265 1.725
2.415 1.725 1.495
0.115 1.955 0.805
0.575 1.955 0.575
0.805 2.645 0.805
1.495 2.185 0.115
1.035 2.185 0.805
0.805 2.875 0.805
1.265 3.335 0.575
0.805 2.645 1.495
1.265 1.955 1.035
1.035 2.185 1.035
1.265 2.415 1.035
1.265 2.185 1.725
1.035 2.875 1.265
1.265 3.565 1.035
1.725 3.565 1.035
2.415 3.565 0.805
2.875 1.265 1.955
1.725 3.335 1.955
4.715 1.725 0.115
3.795 2.185 1.725
6.785 2.415 0.345
6.555 2.185 0.575
6.555 2.415 0.575
7.245 3.105 0.575
1.265 3.795 0.575
1.265 4.025 0.805
3.335 4.485 0.805
3.105 6.325 0.805
3.105 6.555 1.265
3.335 6.785 1.265
1.955 4.485 1.955
2.875 4.715 2.415
3.105 4.715 2.415
4.715 5.175 1.725
6.095 4.485 3.105
