-0.805 -0.575 -5.635
-0.115 -0.115 -1.035
3.105 -0.345 -6.325
1.265 -0.345 -4.025
1.265 -0.115 -2.645
0.115 -0.115 -1.495
0.575 -0.345 -1.725
0.805 -0.115 -1.495
0.115 -0.115 -1.035
0.575 -0.115 -1.035
0.805 -0.115 -1.035
1.035 -0.115 -1.495
-2.415 0.345 -6.095
-2.415 0.345 -5.865
-2.645 3.335 -5.635
-1.265 0.345 -4.945
-0.575 0.345 -4.945
-0.805 1.725 -5.405
-1.495 0.345 -4.485
-1.495 0.345 -4.255
-1.725 0.345 -4.025
-1.495 0.345 -4.025
-1.495 0.345 -3.795
-1.265 0.345 -4.025
-1.265 0.345 -3.795
-1.035 0.345 -3.795
-0.115 0.115 -4.255
-0.575 2.415 -4.025
-3.335 3.795 -6.785
-3.105 4.025 -6.785
-2.645 5.175 -5.635
-2.875 5.865 -6.095
-1.265 5.175 -4.715
-1.035 4.945 -4.485
-1.035 0.345 -3.565
-1.035 0.115 -3.105
-0.805 0.345 -3.565
-0.805 0.345 -3.335
-0.805 0.115 -3.105
-0.575 0.345 -3.105
-0.575 0.115 -2.875
-0.345 0.115 -3.105
-0.345 0.345 -3.105
-0.115 0.345 -3.105
-0.345 0.115 -2.875
-0.115 1.725 -3.565
-0.115 1.725 -3.335
-0.575 0.805 -2.645
-0.345 0.575 -2.185
-0.115 0.575 -2.185
-0.115 0.575 -1.955
-0.345 1.035 -2.645
-0.115 1.495 -2.185
-1.265 1.955 -2.875
-0.805 2.185 -3.565
-0.575 2.415 -3.565
-0.575 2.645 -2.875
-0.575 0.805 -1.725
-0.575 0.805 -1.495
-0.345 0.575 -1.495
-0.345 0.805 -1.495
-0.575 0.345 -1.265
-0.345 0.345 -1.265
-0.345 0.345 -1.035
-0.115 0.345 -1.035
-0.575 0.805 -1.265
-0.345 0.575 -1.265
-0.115 0.575 -1.265
-0.345 0.805 -1.265
-0.115 0.805 -1.265
-0.805 1.035 -1.725
-0.575 1.035 -1.725
-0.805 1.035 -1.495
-0.575 1.035 -1.495
-0.575 1.265 -1.495
-0.345 1.035 -1.495
-0.345 1.265 -1.495
-0.115 1.265 -1.495
-0.575 1.495 -1.495
-0.345 1.495 -1.725
-0.345 1.495 -1.495
-0.345 1.035 -1.265
-0.115 1.035 -1.265
-0.345 1.265 -1.265
-0.115 1.265 -1.265
-0.575 1.495 -1.265
-0.345 1.495 -1.265
-0.115 0.115 -0.805
-0.115 0.345 -0.805
-0.115 0.805 -0.805
-0.115 1.035 -0.805
0.115 0.805 -7.015
0.345 0.805 -7.015
0.345 0.805 -6.555
0.115 1.035 -7.245
0.115 1.035 -6.555
0.345 1.035 -6.325
0.345 3.565 -6.785
0.805 1.495 -4.255
0.115 3.335 -5.405
0.345 3.795 -7.015
3.105 4.485 -5.635
2.415 5.405 -6.325
3.335 4.715 -6.095
1.265 4.715 -5.175
0.115 0.345 -3.105
0.115 0.115 -2.875
1.035 0.345 -3.105
1.265 0.115 -2.875
1.035 0.575 -3.105
0.805 0.805 -2.415
0.805 0.345 -2.185
1.035 0.115 -2.645
1.035 0.115 -2.415
1.035 0.345 -2.415
1.035 0.345 -2.185
0.345 1.495 -2.415
0.345 1.725 -2.415
0.115 1.495 -2.185
0.345 1.495 -1.955
1.265 1.495 -1.955
0.115 1.955 -2.875
0.345 1.955 -2.875
1.725 2.875 -3.105
2.185 3.105 -3.335
0.115 0.115 -1.725
0.345 0.345 -1.495
0.805 0.115 -1.725
0.115 0.575 -1.725
0.575 0.575 -1.495
0.805 0.575 -1.495
0.115 0.115 -1.265
0.345 0.115 -1.265
0.345 0.345 -1.265
0.345 0.115 -1.035
0.345 0.345 -1.035
0.575 0.345 -1.035
0.115 0.805 -1.265
0.575 0.575 -1.265
0.575 0.805 -1.265
0.575 0.805 -1.035
0.345 1.035 -1.495
0.805 1.495 -1.725
0.575 1.495 -1.495
0.805 1.495 -1.495
0.115 1.035 -1.265
0.345 1.035 -1.265
0.115 1.265 -1.265
0.115 1.035 -1.035
0.805 1.035 -1.265
0.575 1.265 -1.265
0.805 1.035 -1.035
1.035 1.265 -1.495
1.265 1.495 -1.725
0.115 0.345 -0.805
0.345 0.345 -0.805
0.575 0.115 -0.805
0.575 0.345 -0.805
0.345 0.575 -0.805
0.115 0.805 -0.805
0.345 0.805 -0.805
0.575 0.575 -0.805
