-0.805 -0.345 -5.635
-0.115 -0.115 -1.035
1.725 -0.345 -6.325
1.955 -0.115 -6.555
0.115 -0.345 -2.645
0.345 -0.115 -1.495
0.115 -0.115 -1.265
0.115 -0.115 -1.035
-2.645 0.575 -8.625
-2.415 0.575 -8.625
-2.185 0.575 -8.395
-1.955 0.575 -8.395
-1.035 2.875 -8.395
-1.035 4.945 -8.165
-1.955 0.575 -6.785
-1.955 0.575 -6.555
-1.725 0.575 -6.785
-2.415 3.565 -5.635
-0.345 2.645 -5.635
-1.495 0.345 -4.255
-1.495 0.345 -4.025
-1.265 0.345 -4.025
-1.035 0.345 -3.795
-1.035 0.575 -3.795
-0.805 0.345 -3.795
-1.035 3.335 -5.405
-3.105 4.025 -6.785
-2.185 4.945 -7.015
-2.875 3.795 -6.325
-2.875 5.405 -5.865
-2.415 5.175 -5.865
-2.645 5.865 -6.325
-1.955 7.015 -6.095
-0.805 0.345 -3.565
-0.805 0.345 -3.335
-0.575 0.345 -3.335
-0.115 0.115 -3.565
-0.345 0.345 -3.335
-0.115 0.345 -3.335
-0.575 0.345 -2.875
-0.345 0.345 -3.105
-0.115 0.345 -3.105
-0.345 0.345 -2.875
-0.345 1.495 -2.415
-1.035 2.185 -3.105
-1.265 2.185 -2.875
-1.035 3.335 -3.565
-0.345 2.645 -2.415
-0.115 0.575 -1.725
-0.345 0.805 -1.725
-0.115 0.805 -1.725
-0.115 0.575 -1.495
-0.345 0.805 -1.495
-0.115 0.805 -1.495
-0.115 0.345 -1.265
-0.345 0.345 -1.035
-0.115 0.345 -1.035
-0.345 0.575 -1.265
-0.115 0.575 -1.265
-0.115 0.575 -1.035
-0.115 0.805 -1.035
-0.575 1.035 -1.725
-0.575 1.265 -1.725
-0.575 1.035 -1.495
-0.345 1.035 -1.725
-0.345 1.265 -1.725
-0.345 1.035 -1.495
-0.345 1.265 -1.495
-0.575 1.495 -1.495
-0.575 1.725 -1.495
-0.345 1.495 -1.495
-0.345 1.725 -1.495
-0.345 1.035 -1.265
-0.115 1.035 -1.265
-0.345 1.265 -1.265
-0.115 1.265 -1.265
0.345 0.805 -7.015
0.345 0.805 -6.785
0.345 1.035 -7.015
0.345 1.035 -6.785
0.345 1.035 -6.555
0.345 3.565 -6.095
0.115 3.105 -5.635
0.345 3.335 -5.865
1.035 0.575 -4.255
0.805 1.495 -4.255
1.495 3.335 -3.795
0.115 3.795 -6.095
1.725 4.025 -4.255
0.115 0.345 -3.105
0.345 0.345 -3.105
1.035 0.575 -3.105
1.265 1.035 -2.875
0.115 0.345 -1.955
1.035 0.345 -2.645
1.035 0.345 -2.415
1.035 0.345 -2.185
1.035 0.805 -1.955
0.345 1.495 -2.415
0.345 1.725 -2.415
0.115 1.495 -2.185
0.575 1.725 -2.185
1.265 1.725 -1.955
0.345 2.185 -2.875
1.265 1.955 -2.875
1.035 3.105 -3.335
1.265 3.105 -3.335
1.495 2.875 -3.335
0.575 1.955 -2.415
0.805 2.185 -2.185
1.495 2.645 -2.645
2.185 3.105 -3.335
0.115 0.115 -1.725
0.345 0.345 -1.495
0.805 0.115 -1.725
0.345 0.575 -1.495
0.115 0.805 -1.495
0.575 0.575 -1.495
0.805 0.575 -1.495
0.345 0.115 -1.265
0.345 0.345 -1.265
0.115 0.345 -1.035
0.345 0.345 -1.035
0.575 0.115 -1.035
0.575 0.345 -1.035
0.805 0.345 -1.035
0.345 0.805 -1.035
0.575 0.805 -1.265
0.575 0.575 -1.035
0.575 0.805 -1.035
1.035 0.115 -1.725
1.035 0.115 -1.495
1.035 0.575 -1.725
1.035 0.345 -1.265
0.345 1.265 -1.725
0.345 1.035 -1.495
0.345 1.265 -1.495
0.575 1.265 -1.495
0.115 1.495 -1.725
0.575 1.495 -1.495
0.115 1.035 -1.265
0.345 1.035 -1.265
0.115 1.265 -1.265
0.345 1.265 -1.265
0.805 1.035 -1.035
1.265 1.495 -1.725
0.345 0.345 -0.805
0.115 0.805 -0.805
0.345 0.805 -0.805
0.575 0.575 -0.805
0.575 0.805 -0.805
0.115 1.035 -0.805
