-0.345 -1.035 0.345
-0.345 -1.265 0.575
-0.115 -1.265 0.575
-0.115 -1.035 0.575
-0.345 -1.265 0.805
-0.115 -1.035 0.805
-0.115 -0.575 0.115
-0.115 -0.345 0.115
-0.575 -0.805 0.805
-0.345 -0.575 0.575
-0.115 -0.575 0.575
-0.115 -0.575 0.805
-0.345 -0.345 0.575
-0.115 -0.345 0.575
-0.345 -0.115 0.575
-0.115 -1.495 1.265
-0.575 -1.265 1.035
-0.575 -1.265 1.265
-0.345 -1.265 1.035
-0.115 -1.265 1.035
-0.345 -1.035 1.035
-0.345 -1.265 1.265
-0.115 -1.265 1.265
-0.345 -1.035 1.265
-0.115 -1.035 1.265
-0.575 -0.805 1.265
-0.575 -0.575 1.265
-0.345 -0.575 1.035
-0.345 -0.805 1.265
-0.115 -0.575 1.265
-0.345 -0.345 1.265
-0.575 -0.575 1.495
-0.805 -0.115 1.725
-0.805 -0.575 1.955
-0.805 -0.345 1.955
-0.115 -0.345 1.955
0.115 -1.265 0.345
0.345 -1.265 0.345
0.115 -1.035 0.345
0.345 -1.035 0.345
0.345 -1.035 0.575
0.345 -1.265 0.805
0.115 -1.035 0.805
0.345 -0.575 0.115
0.805 -0.575 0.345
0.345 -0.345 0.345
0.805 -0.115 0.345
0.345 -0.805 0.575
0.345 -0.575 0.575
0.115 -0.805 0.805
0.115 -0.345 0.575
0.115 -0.115 0.575
0.115 -0.345 0.805
0.575 -0.345 0.575
0.805 -0.345 0.575
0.345 -1.495 1.035
0.115 -1.495 1.265
0.115 -1.265 1.035
0.345 -1.265 1.035
0.115 -1.265 1.265
0.345 -1.265 1.265
0.115 -1.035 1.265
0.345 -1.035 1.265
0.575 -1.265 1.035
0.575 -1.035 1.265
0.345 -1.265 1.495
0.345 -1.035 1.495
0.575 -1.035 1.495
0.805 -1.035 1.495
0.575 -1.035 1.725
0.345 -0.805 1.035
0.115 -0.805 1.265
0.115 -0.575 1.265
0.575 -0.805 1.265
0.115 -0.805 1.495
0.575 -0.575 1.495
1.265 -0.115 1.495
0.805 -0.805 1.955
0.805 -0.805 2.185
0.805 -0.345 1.955
0.805 -0.345 2.185
1.495 -0.115 2.645
-0.575 0.115 0.805
-0.575 0.345 0.805
-0.115 0.115 0.575
-0.115 0.115 0.805
-0.805 0.575 0.805
-0.805 0.805 0.805
-0.575 0.805 0.805
-1.035 1.035 0.805
-1.265 1.265 0.805
-0.575 1.035 0.805
-0.575 1.265 0.805
-0.805 0.115 1.035
-0.345 0.345 1.495
-1.265 1.265 1.035
-1.495 1.725 1.035
-1.265 1.725 1.035
-1.955 2.875 1.265
-1.955 3.105 1.265
-2.185 3.335 1.265
-1.955 2.875 1.725
-2.185 3.335 1.495
-0.805 2.415 0.805
-1.495 1.955 1.035
-1.495 2.185 1.035
-1.725 2.645 1.265
-0.115 2.645 1.495
-0.115 3.335 1.495
-0.115 3.335 1.725
-0.575 0.805 1.955
-0.345 1.495 2.415
-0.805 1.955 2.645
-0.575 2.645 2.645
-2.875 4.715 1.725
-3.105 5.175 1.725
-0.115 3.795 1.725
-2.875 6.325 2.875
-1.955 2.415 4.255
-1.955 2.645 4.485
-2.185 3.335 5.175
-2.185 3.565 5.405
-1.955 3.565 5.405
-1.035 1.725 5.635
-1.035 1.725 5.865
-2.415 4.025 4.715
-1.495 5.865 4.945
0.575 0.115 0.575
0.805 0.345 0.805
1.265 0.575 0.345
1.265 0.575 0.575
1.265 0.805 0.575
0.115 0.115 1.495
1.035 0.115 1.265
1.495 0.805 1.035
0.345 1.725 1.265
0.575 1.725 1.265
0.345 1.955 1.265
0.575 2.185 1.265
0.345 3.335 1.725
0.805 0.575 2.185
1.265 0.345 2.645
1.495 0.115 2.415
1.495 0.115 2.645
0.805 0.115 2.875
1.955 1.035 2.185
1.035 2.415 3.565
0.115 3.795 1.725
0.345 3.795 1.725
0.345 4.025 1.725
0.115 4.255 1.725
0.115 4.485 1.725
0.115 4.025 1.955
1.725 0.575 3.795
1.035 2.875 3.795
1.035 3.105 4.025
1.265 3.565 4.255
2.415 4.255 6.325
