-0.805 -0.345 -5.405
1.265 -0.115 -5.635
1.495 -0.345 -4.715
0.345 -0.115 -3.105
0.345 -0.115 -1.725
0.575 -0.115 -1.725
0.115 -0.115 -1.265
0.345 -0.115 -1.265
1.035 -0.115 -1.495
-1.495 2.185 -7.705
-2.645 3.335 -5.635
-0.345 2.645 -5.635
-0.115 3.105 -5.635
-1.725 0.345 -4.025
-1.495 0.345 -4.025
-1.265 0.345 -4.025
-1.265 0.345 -3.795
-1.035 0.345 -3.795
-0.805 0.345 -3.795
-0.345 2.415 -4.945
-3.335 3.795 -6.785
-3.105 3.795 -6.555
-2.645 5.175 -5.635
-0.805 4.255 -7.245
-2.645 5.865 -6.325
-1.035 3.795 -3.795
-0.115 3.795 -4.485
-1.035 0.115 -3.335
-0.805 0.345 -3.565
-0.805 0.345 -3.335
-0.575 0.345 -3.335
-0.805 0.115 -3.105
-0.575 0.115 -2.875
-0.345 0.115 -3.105
-0.345 0.345 -3.105
-0.115 0.345 -3.105
-0.575 1.725 -2.875
-0.115 0.805 -2.415
-0.115 0.575 -1.955
-0.115 1.495 -2.415
-1.265 1.955 -2.875
-1.035 1.955 -2.875
-0.115 2.415 -2.645
-0.115 0.345 -1.495
-0.575 0.805 -1.725
-0.575 0.805 -1.495
-0.345 0.575 -1.495
-0.115 0.575 -1.495
-0.345 0.805 -1.495
-0.115 0.805 -1.495
-0.345 0.345 -1.265
-0.345 0.345 -1.035
-0.115 0.345 -1.035
-0.115 0.575 -1.265
-0.345 0.805 -1.265
-0.115 0.805 -1.265
-0.575 1.035 -1.725
-0.575 1.035 -1.495
-0.575 1.265 -1.495
-0.345 1.265 -1.725
-0.345 1.035 -1.495
-0.115 1.035 -1.495
-0.575 1.495 -1.495
-0.345 1.495 -1.495
-0.345 1.035 -1.265
-0.115 1.035 -1.265
-0.345 1.265 -1.265
-0.115 1.265 -1.265
-0.345 1.495 -1.265
-0.115 0.345 -0.805
0.115 3.105 -8.625
2.415 3.335 -8.395
0.115 0.805 -7.015
0.345 0.805 -7.015
0.345 0.805 -6.785
0.115 1.035 -7.245
0.115 1.035 -6.325
0.345 1.035 -6.325
0.115 3.335 -5.635
1.035 0.575 -4.255
1.035 3.795 -6.555
0.115 3.795 -6.095
0.115 0.345 -3.105
0.115 0.115 -2.875
1.035 0.345 -3.105
0.805 0.805 -1.955
1.035 0.345 -2.645
1.035 0.345 -2.415
1.035 0.345 -2.185
0.115 1.495 -2.645
0.345 1.725 -2.645
0.345 1.495 -2.415
0.575 1.725 -2.415
0.115 1.495 -2.185
0.345 1.725 -2.185
1.035 1.725 -2.645
1.265 1.495 -1.955
0.345 1.955 -2.875
1.035 1.955 -2.875
0.575 1.955 -2.415
0.805 1.955 -2.185
2.185 3.105 -3.105
0.115 0.115 -1.725
0.345 0.345 -1.725
0.115 0.115 -1.495
0.345 0.345 -1.495
0.805 0.115 -1.725
0.115 0.575 -1.725
0.115 0.115 -1.265
0.345 0.115 -1.265
0.115 0.115 -1.035
0.345 0.115 -1.035
0.345 0.345 -1.035
0.805 0.345 -1.265
0.575 0.345 -1.035
0.115 0.805 -1.265
0.345 0.805 -1.265
0.345 0.805 -1.035
0.575 0.805 -1.265
0.805 0.575 -1.035
1.035 0.115 -1.495
0.345 1.265 -1.725
0.345 1.035 -1.495
0.575 1.495 -1.495
0.115 1.035 -1.265
0.345 1.035 -1.265
1.265 1.035 -1.725
1.265 1.495 -1.725
1.035 1.035 -1.265
0.115 0.115 -0.805
0.115 0.345 -0.805
0.115 0.575 -0.805
0.345 0.575 -0.805
0.345 0.805 -0.805
0.575 0.575 -0.805
