-3.795 -2.645 2.185
-2.645 -1.495 1.495
-2.185 -1.035 1.725
-1.955 -1.035 1.725
-2.875 -0.115 1.495
-2.415 -0.575 1.265
-2.185 -0.575 1.035
-2.185 -0.805 1.265
-1.955 -0.805 1.265
-2.185 -0.575 1.265
-1.955 -0.575 1.265
-2.415 -0.345 1.265
-2.645 -0.115 1.265
-2.415 -0.115 1.265
-1.955 -0.345 1.035
-2.185 -0.345 1.265
-2.415 -0.575 1.495
-2.415 -0.805 1.725
-2.645 -0.575 1.725
-2.415 -0.575 1.725
-2.185 -0.805 1.495
-1.955 -0.805 1.495
-2.185 -0.575 1.495
-1.955 -0.575 1.495
-2.185 -0.805 1.725
-1.955 -0.805 1.725
-2.185 -0.575 1.725
-2.645 -0.345 1.495
-2.645 -0.345 1.725
-2.645 -0.115 1.495
-2.645 -0.115 1.725
-2.415 -0.345 1.495
-2.415 -0.345 1.725
-2.415 -0.115 1.495
-2.415 -0.115 1.725
-1.955 -0.345 1.495
-2.185 -0.115 1.495
-2.185 -0.345 1.725
-2.185 -0.115 1.725
-1.725 -0.115 1.265
-1.265 -0.115 1.265
-1.725 -0.805 1.725
-1.725 -0.575 1.725
-1.265 -0.575 1.725
-1.725 -0.115 1.495
-1.725 -0.345 1.725
-1.495 -0.115 1.725
-1.265 -0.345 1.495
-1.265 -0.115 1.495
-1.955 -1.955 3.565
-3.105 -1.035 2.645
-2.185 -1.495 1.955
-1.955 -1.495 1.955
-2.185 -1.265 1.955
-1.955 -1.265 1.955
-2.185 -1.035 1.955
-2.185 -1.265 2.185
-1.955 -1.035 2.185
-2.415 -1.495 2.415
-1.955 -1.265 2.645
-3.105 -0.115 2.185
-2.415 -0.805 1.955
-2.645 -0.805 2.185
-2.415 -0.575 2.185
-2.185 -0.805 1.955
-1.955 -0.805 1.955
-1.955 -0.575 1.955
-1.955 -0.805 2.185
-1.955 -0.575 2.185
-2.185 -0.345 1.955
-1.955 -0.345 1.955
-2.185 -0.115 1.955
-1.955 -0.115 1.955
-1.955 -0.345 2.185
-1.955 -0.805 2.645
-1.955 -0.345 2.415
-3.105 -1.495 3.105
-3.565 -1.035 3.105
-2.415 -0.805 3.565
-1.725 -1.265 2.185
-1.495 -1.265 2.185
-1.725 -1.035 2.185
-1.725 -1.265 2.415
-1.725 -1.035 2.645
-1.265 -1.035 2.415
-1.035 -1.035 2.415
-1.035 -1.265 2.645
-1.035 -1.035 2.645
-0.805 -1.035 2.415
-0.805 -1.035 2.645
-1.725 -0.575 1.955
-1.725 -0.805 2.185
-1.495 -0.805 2.185
-1.725 -0.575 2.185
-1.495 -0.575 2.185
-1.265 -0.575 2.185
-1.725 -0.345 2.185
-1.495 -0.345 2.185
-1.725 -0.115 2.185
-1.495 -0.115 2.185
-1.265 -0.345 2.185
-1.035 -0.115 2.185
-1.495 -0.805 2.415
-1.495 -0.575 2.415
-1.265 -0.805 2.415
-1.035 -0.805 2.415
-1.265 -0.575 2.415
-1.035 -0.575 2.415
-1.495 -0.345 2.415
-1.725 -0.345 2.645
-1.265 -0.345 2.415
-1.035 -0.345 2.415
-1.265 -0.115 2.415
-1.035 -0.115 2.415
-1.265 -0.345 2.645
-0.805 -0.575 1.955
-1.035 -1.725 3.335
-1.035 -1.035 3.565
-1.265 -0.805 2.875
-1.035 -0.575 2.875
-1.265 -0.115 2.875
-1.495 -0.345 3.565
-7.015 -3.795 6.785
-4.945 -0.575 3.795
-6.555 -3.565 6.325
-3.105 -3.105 3.795
-1.955 -1.955 4.025
-3.105 -0.805 3.795
-2.875 -0.575 4.025
-2.875 0.115 1.495
-2.875 0.345 1.495
-2.875 0.115 1.725
-2.875 0.575 1.495
-2.875 0.575 1.725
-2.645 0.115 1.265
-1.955 0.575 1.035
-1.955 0.575 1.265
-1.955 0.805 1.265
-2.645 0.115 1.495
-2.645 0.345 1.495
-2.415 0.345 1.495
-2.645 0.115 1.725
-2.415 0.115 1.725
-2.415 0.345 1.725
-2.185 0.115 1.495
-1.955 0.115 1.495
-2.185 0.115 1.725
-2.185 0.345 1.725
-2.645 0.575 1.725
-2.415 0.575 1.725
-2.415 0.805 1.725
-1.955 0.805 1.725
-1.495 0.115 1.035
-1.725 0.345 1.035
-1.725 0.575 1.265
-1.725 0.805 1.265
-1.725 0.345 1.725
-1.265 0.345 1.495
-1.725 0.575 1.495
-1.495 0.805 1.495
-1.725 0.805 1.725
-1.495 0.805 1.725
-2.875 0.115 1.955
-3.565 0.345 2.415
-2.415 0.345 2.185
-2.185 0.115 1.955
-2.185 0.345 1.955
-1.955 0.345 1.955
-1.955 0.575 1.955
-1.955 0.805 1.955
-1.955 0.575 2.185
-1.955 0.805 2.185
-2.185 0.345 2.415
-2.185 0.115 2.645
-2.415 0.805 2.415
-2.645 0.345 3.105
-1.955 0.575 3.335
-2.185 0.575 3.565
-1.955 0.575 3.565
-1.725 0.115 2.185
-1.495 0.115 2.185
-1.725 0.345 2.185
-1.495 0.345 2.185
-1.035 0.345 2.185
-1.725 0.575 1.955
-1.725 0.805 1.955
-1.725 0.575 2.185
-1.495 0.575 2.185
-1.725 0.805 2.185
-1.265 0.575 1.955
-1.265 0.805 2.185
-1.495 0.115 2.415
-1.265 0.115 2.415
-1.035 0.115 2.415
-1.495 0.805 2.415
-1.495 0.805 2.645
-1.265 0.805 2.415
-1.495 1.035 1.955
-1.725 1.035 2.185
-1.495 1.035 2.185
-1.265 1.035 2.185
-1.495 1.035 2.415
-1.725 0.575 2.875
-1.725 0.805 2.875
-1.725 0.575 3.105
-1.725 0.575 3.335
-1.725 1.035 3.335
-2.185 0.345 4.715
-1.725 0.805 3.795
-3.105 0.345 5.865
-3.105 0.115 6.325
