-0.805 -0.345 -5.635
0.345 -0.115 -2.185
1.035 -0.345 -2.415
0.575 -0.345 -1.725
0.115 -0.115 -1.265
0.115 -0.115 -1.035
0.575 -0.115 -1.265
1.035 -0.115 -1.495
-2.415 0.345 -8.165
-2.415 0.345 -7.935
-1.265 0.345 -7.935
-2.875 0.345 -6.785
-2.645 0.345 -6.555
-0.805 1.035 -5.865
-2.645 3.335 -5.635
-1.495 1.955 -5.635
-0.345 2.645 -5.635
-1.725 0.345 -5.405
-1.725 0.345 -5.175
-1.035 1.725 -4.715
-0.575 1.725 -5.405
-1.725 0.345 -4.025
-1.495 0.345 -4.025
-1.265 0.345 -4.025
-1.265 0.345 -3.795
-1.035 0.345 -3.795
-0.805 0.345 -3.795
-1.265 1.955 -5.175
-0.805 2.415 -4.715
-0.805 2.415 -4.485
-0.805 2.415 -4.255
-0.115 1.955 -3.795
-0.345 3.565 -4.255
-3.335 3.795 -6.785
-3.105 4.025 -6.785
-3.105 5.175 -5.865
-2.645 5.175 -5.635
-0.805 3.795 -6.555
-0.115 5.175 -6.325
-2.645 5.865 -6.095
-1.495 4.715 -4.715
-1.035 0.115 -3.335
-0.805 0.345 -3.565
-0.805 0.115 -3.335
-0.575 0.345 -3.335
-0.115 0.115 -3.565
-0.345 0.345 -3.335
-0.575 0.115 -2.875
-0.345 0.345 -3.105
-0.115 0.345 -3.105
-0.345 0.805 -2.645
-0.115 0.805 -2.415
-0.115 0.805 -2.185
-0.575 1.035 -2.415
-0.345 1.725 -2.645
-0.345 1.265 -1.955
-0.115 1.265 -1.955
-0.575 1.725 -1.955
-0.345 1.725 -1.955
-1.265 1.955 -2.875
-0.575 2.645 -3.105
-0.805 3.565 -3.565
-0.115 1.955 -2.415
-0.575 0.805 -1.725
-0.575 0.805 -1.495
-0.345 0.805 -1.725
-0.345 0.575 -1.495
-0.115 0.575 -1.495
-0.345 0.805 -1.495
-0.345 0.345 -1.265
-0.345 0.345 -1.035
-0.115 0.345 -1.035
-0.575 0.805 -1.265
-0.115 0.575 -1.265
-0.345 0.805 -1.265
-0.115 0.805 -1.265
-0.575 1.035 -1.725
-0.575 1.035 -1.495
-0.575 1.265 -1.495
-0.575 1.495 -1.495
-0.345 1.725 -1.725
-0.345 1.495 -1.495
-0.345 1.725 -1.495
-0.345 1.035 -1.265
-0.115 1.035 -1.265
-0.345 1.265 -1.265
-0.115 1.265 -1.265
-0.115 1.035 -1.035
-0.345 1.495 -1.265
-0.115 0.345 -0.805
-0.115 0.575 -0.805
-0.115 1.035 -0.805
0.115 0.805 -7.015
0.115 1.035 -7.245
0.115 1.035 -6.785
0.115 3.565 -5.865
0.115 3.335 -5.635
0.805 1.495 -4.255
2.875 3.105 -4.715
1.265 4.715 -6.555
3.105 4.485 -5.865
1.265 4.485 -4.255
0.115 0.345 -3.105
0.115 0.115 -2.875
1.035 0.575 -3.105
0.115 0.115 -1.955
0.115 0.345 -1.955
0.805 0.805 -1.955
1.035 0.345 -2.645
1.035 0.345 -2.415
1.035 0.345 -2.185
0.115 1.265 -2.645
0.115 1.265 -1.955
0.345 1.495 -1.955
0.805 2.645 -3.565
1.035 2.875 -3.335
1.495 2.875 -3.335
2.185 2.875 -3.335
2.185 2.875 -3.105
0.345 0.345 -1.495
0.805 0.115 -1.725
0.345 0.115 -1.265
0.115 0.345 -1.265
0.345 0.345 -1.265
0.345 0.115 -1.035
0.345 0.345 -1.035
0.805 0.345 -1.265
0.575 0.345 -1.035
0.345 0.805 -1.035
0.575 0.575 -1.265
0.575 0.805 -1.265
0.805 0.805 -1.035
1.035 0.115 -1.495
0.345 1.035 -1.495
0.575 1.495 -1.495
0.115 1.035 -1.265
0.345 1.035 -1.265
0.115 1.265 -1.265
1.035 1.265 -1.495
1.265 1.495 -1.725
0.115 0.345 -0.805
0.345 0.345 -0.805
0.575 0.345 -0.805
0.115 0.575 -0.805
0.345 0.575 -0.805
0.345 0.805 -0.805
0.575 0.805 -0.805
