-0.805 2.645 1.725
-0.345 2.415 1.725
-0.345 2.645 1.725
-1.265 2.875 1.725
-1.265 3.335 1.725
-1.035 3.335 1.725
-0.575 2.875 1.495
-0.575 3.105 1.495
-0.805 3.105 1.725
-0.345 2.875 1.495
-0.115 2.875 1.725
-0.805 3.565 1.725
-0.575 3.565 1.725
-0.345 3.335 1.495
-0.115 3.565 1.495
-0.345 3.335 1.725
-0.345 3.565 1.725
-0.115 3.565 1.725
-1.035 2.185 1.955
-1.035 2.185 2.185
-1.035 2.415 1.955
-1.265 2.645 1.955
-1.265 2.415 2.185
-1.035 2.185 2.415
-1.495 2.645 2.415
-1.495 2.415 2.645
-1.495 2.645 2.645
-1.265 2.645 2.415
-1.265 2.415 2.645
-1.265 2.645 2.645
-1.035 2.645 2.645
-0.345 2.185 1.955
-0.805 2.415 1.955
-0.575 2.415 2.185
-0.115 2.415 2.185
-0.575 2.185 2.415
-0.575 2.185 2.645
-0.805 2.415 2.415
-0.575 2.645 2.415
-0.805 2.415 2.645
-0.805 2.645 2.645
-0.575 2.645 2.645
-0.345 2.645 2.415
-0.115 2.645 2.415
-0.115 2.415 2.645
-0.345 2.645 2.645
-0.115 2.645 2.645
-1.495 3.105 1.955
-1.495 2.875 2.185
-1.725 3.105 2.185
-1.495 3.105 2.185
-1.265 3.105 1.955
-1.035 3.105 1.955
-1.265 2.875 2.185
-1.035 2.875 2.185
-1.265 3.105 2.185
-1.035 3.105 2.185
-1.725 3.335 1.955
-1.495 3.335 1.955
-1.495 3.335 2.185
-1.265 3.335 1.955
-1.035 3.335 1.955
-1.035 3.335 2.185
-1.265 3.565 2.185
-1.495 2.875 2.415
-1.495 3.105 2.415
-1.495 2.875 2.645
-1.265 2.875 2.415
-1.035 2.875 2.415
-1.265 3.105 2.415
-1.035 2.875 2.645
-1.035 3.105 2.645
-1.495 3.335 2.415
-1.035 3.335 2.415
-0.575 2.875 1.955
-0.575 3.105 1.955
-0.805 2.875 2.185
-0.575 2.875 2.185
-0.805 3.105 2.185
-0.575 3.105 2.185
-0.345 3.105 1.955
-0.115 3.105 1.955
-0.345 3.105 2.185
-0.115 3.105 2.185
-0.805 3.335 1.955
-0.575 3.335 1.955
-0.345 3.335 1.955
-0.345 3.565 1.955
-0.345 3.335 2.185
-0.805 2.875 2.415
-0.805 2.875 2.645
-0.575 2.875 2.645
-0.345 2.875 2.415
-0.115 2.875 2.415
-0.345 3.105 2.415
-0.115 3.105 2.415
-0.345 2.875 2.645
-0.115 2.875 2.645
-0.345 3.565 2.415
-1.265 2.185 3.105
-1.035 2.185 3.105
-1.495 2.415 2.875
-1.495 2.415 3.105
-1.265 2.415 2.875
-1.265 2.415 3.105
-1.265 1.955 3.335
-1.265 2.185 3.335
-1.265 2.415 3.335
-1.035 2.415 3.335
-0.805 2.185 2.875
-0.575 2.185 2.875
-0.805 2.185 3.105
-0.575 2.185 3.105
-0.345 2.185 2.875
-0.345 2.185 3.105
-0.115 2.185 3.105
-0.805 2.415 2.875
-0.575 2.415 2.875
-0.805 2.645 2.875
-0.805 2.415 3.105
-0.575 2.415 3.105
-0.345 2.415 2.875
-0.115 2.415 2.875
-0.115 2.645 2.875
-0.345 2.415 3.105
-0.115 2.415 3.105
-0.575 2.185 3.335
-1.495 2.875 3.105
-1.265 2.875 3.105
-1.265 3.335 2.875
-1.265 3.105 3.335
-0.115 3.105 2.875
-0.575 2.875 3.565
-0.345 3.105 3.565
-0.115 3.335 3.335
-0.575 3.795 1.725
-0.345 3.795 1.725
-1.265 3.795 2.185
-1.035 4.025 2.645
-1.495 4.255 3.565
-0.115 4.025 2.875
-0.115 3.795 3.105
-0.345 4.255 2.875
-0.115 3.795 3.565
-0.345 4.485 3.335
-1.035 4.945 3.565
-0.345 5.405 3.335
-1.265 2.185 3.795
-1.495 2.415 3.795
-1.035 2.415 5.175
-1.035 2.415 5.405
-0.805 2.415 4.945
-2.185 5.175 4.255
-2.185 5.175 4.485
-2.185 5.405 4.485
-1.955 5.405 4.485
-2.645 4.485 5.405
-1.265 3.795 4.025
-0.115 3.795 4.255
-0.345 4.715 4.025
-0.575 5.405 3.795
-1.035 4.485 4.715
-0.805 4.485 5.405
-2.875 5.405 5.865
-0.805 4.715 5.635
-1.265 7.015 7.015
-1.265 7.705 5.635
-0.575 2.185 10.695
-1.265 6.785 8.625
-2.645 8.165 8.395
0.115 2.645 2.185
0.345 2.645 2.185
0.115 2.415 2.415
0.345 2.645 2.415
0.345 2.415 2.645
0.115 2.645 2.645
0.345 2.645 2.645
0.575 2.645 2.415
0.575 2.415 2.645
0.575 2.645 2.645
0.115 3.105 1.955
0.115 2.875 2.185
0.345 2.875 2.185
0.115 3.105 2.185
0.345 3.105 2.185
0.115 3.335 1.955
0.345 3.335 2.185
0.115 2.875 2.415
0.345 2.875 2.415
0.115 3.105 2.415
0.345 3.105 2.415
0.345 2.875 2.645
0.575 2.875 2.415
0.575 2.875 2.645
0.115 2.185 3.105
0.115 2.415 2.875
0.345 2.415 2.875
0.115 2.415 3.105
0.575 2.415 2.875
0.575 2.645 2.875
0.575 2.415 3.105
0.575 2.875 2.875
0.805 3.335 3.105
0.345 2.875 3.335
0.345 2.875 3.565
0.345 3.335 3.335
0.805 3.335 3.335
0.575 4.025 2.645
0.115 3.795 3.565
0.805 2.645 4.025
0.115 3.565 3.795
0.575 2.875 5.175
0.115 3.795 3.795
0.345 4.485 4.255
2.185 4.715 4.945
2.415 5.175 5.405
1.725 4.255 5.635
2.415 6.785 5.865
3.335 6.555 7.015
3.335 6.785 7.245
1.265 2.645 7.935
