-0.575 -1.035 0.345
-0.115 -1.265 0.575
-0.115 -1.035 0.575
-0.345 -1.265 0.805
-0.345 -1.035 0.805
-0.115 -1.035 0.805
-0.115 -0.805 0.115
-0.115 -0.575 0.115
-0.115 -0.805 0.345
-0.115 -0.115 0.345
-0.115 -0.805 0.805
-0.115 -0.345 0.805
-0.575 -1.495 1.265
-0.345 -1.495 1.035
-0.115 -1.495 1.035
-0.345 -1.495 1.265
-0.115 -1.495 1.265
-0.575 -1.265 1.035
-0.575 -1.265 1.265
-0.345 -1.265 1.035
-0.115 -1.265 1.035
-0.345 -1.265 1.265
-0.115 -1.265 1.265
-0.345 -1.035 1.265
-0.575 -1.035 1.495
-0.115 -1.035 1.495
-0.805 -0.345 1.265
-0.345 -0.345 1.035
-0.805 -0.805 1.725
0.115 -1.035 0.345
0.345 -1.035 0.345
0.575 -1.265 0.345
0.575 -1.035 0.345
0.345 -1.265 0.805
0.575 -1.265 0.575
0.575 -1.265 0.805
0.115 -0.805 0.115
0.345 -0.805 0.115
0.115 -0.575 0.115
0.575 -0.805 0.115
0.575 -0.805 0.345
0.115 -0.345 0.345
0.115 -0.115 0.345
0.805 -0.345 0.345
0.575 -0.115 0.345
0.345 -0.575 0.575
0.575 -0.805 0.575
0.575 -0.575 0.575
0.805 -0.575 0.575
0.575 -0.805 0.805
0.575 -0.345 0.575
0.575 -0.115 0.575
1.035 -0.115 0.345
1.035 -0.115 0.575
0.115 -1.495 1.035
0.115 -1.495 1.265
0.115 -1.265 1.035
0.345 -1.265 1.035
0.345 -1.035 1.035
0.115 -1.265 1.265
0.345 -1.265 1.265
0.345 -1.035 1.265
0.575 -1.265 1.035
0.345 -1.035 1.495
0.575 -1.265 1.495
0.575 -1.035 1.725
0.575 -0.805 1.035
0.805 -0.345 1.265
0.805 -0.805 1.495
0.575 -0.805 1.725
0.805 -0.805 1.725
0.805 -0.575 1.725
1.035 -0.805 1.495
1.035 -0.575 1.495
0.345 -0.575 1.955
0.805 -0.805 1.955
0.575 -0.575 1.955
1.035 -0.575 1.955
1.265 -0.115 1.955
0.345 -0.115 2.875
0.575 -0.115 2.875
-0.115 0.115 0.115
-0.115 0.115 0.575
-0.115 0.805 0.575
-0.345 1.035 0.345
-1.265 0.575 1.725
-0.345 0.575 1.035
-0.345 0.805 1.035
-0.575 1.035 1.035
-0.805 2.415 1.495
-0.575 2.645 1.495
-1.035 3.565 1.495
-1.035 3.335 1.725
-0.805 2.875 1.495
-0.805 3.105 1.725
-0.805 3.335 1.725
-0.575 3.335 1.725
-0.575 3.565 1.725
-0.345 0.345 2.185
-0.805 1.265 2.185
-0.345 3.335 3.335
-2.415 5.175 1.725
-2.645 5.405 1.725
-2.185 5.175 1.725
-1.035 3.795 1.725
-1.035 4.025 1.725
-1.035 4.255 1.725
-1.265 4.485 1.725
-0.345 3.795 1.725
-0.805 4.255 1.725
-0.575 4.255 1.725
-0.345 4.255 1.725
-2.185 5.175 1.955
-1.265 4.485 1.955
-0.575 4.025 1.955
-0.575 4.485 1.955
-1.725 4.945 1.955
-1.495 4.945 1.955
-1.265 4.715 1.955
-1.035 4.945 1.955
-1.725 5.405 2.185
-2.645 5.865 1.955
-2.415 5.865 1.955
-1.955 5.635 1.955
-2.185 6.095 1.955
-2.645 6.785 1.955
-2.415 6.785 2.185
-2.645 7.245 1.955
-2.415 7.245 1.955
-1.955 7.245 1.955
-1.955 7.245 2.185
-2.185 6.785 2.645
-1.725 5.635 1.955
-1.725 6.555 2.185
-1.725 7.245 2.415
0.115 0.575 0.345
0.115 0.805 0.575
0.805 0.575 0.575
1.035 0.805 0.575
1.265 1.495 0.345
1.035 1.495 0.805
0.115 0.805 1.265
0.805 0.805 1.035
1.035 0.805 1.035
0.115 1.725 1.035
0.115 1.495 1.265
0.115 1.495 1.495
0.115 1.955 0.805
1.725 2.185 0.805
0.115 1.955 1.035
2.415 2.875 1.035
1.725 0.345 2.645
2.185 1.495 2.185
3.105 7.015 1.495
2.415 2.185 4.025
1.955 2.875 5.635
1.955 3.105 5.865
3.105 3.335 5.635
0.575 3.795 4.715
0.805 4.485 5.175
0.805 4.945 5.635
2.645 4.025 5.635
3.335 3.795 5.865
1.955 4.945 6.785
