-0.345 2.415 -3.795
-0.345 5.175 -3.795
-0.345 1.955 -3.565
-0.345 2.185 -3.565
-0.115 2.185 -2.185
-1.265 3.105 -1.955
-0.575 0.345 -1.035
-0.575 0.805 -1.035
-0.345 0.805 -1.265
-0.115 0.805 -1.035
-0.115 1.265 -1.725
-0.345 1.265 -1.035
-0.345 1.725 -1.265
-1.265 0.805 -0.805
-1.035 0.805 -0.575
-0.575 0.345 -0.805
-0.345 0.345 -0.575
-0.805 0.575 -0.575
-0.575 0.115 -0.345
-0.575 0.345 -0.345
-0.345 0.115 -0.345
-0.345 0.345 -0.345
-0.345 0.115 -0.115
-0.805 0.575 -0.345
-0.575 0.575 -0.345
-0.805 0.805 -0.115
-0.575 0.805 -0.115
-0.345 0.575 -0.345
-0.115 0.575 -0.345
-0.345 0.575 -0.115
-0.345 0.805 -0.115
-0.345 1.035 -0.575
-0.115 1.035 -0.575
-0.115 1.265 -0.575
-0.575 1.495 -0.805
-0.575 1.725 -0.805
-0.805 1.035 -0.345
-0.575 1.035 -0.345
-0.575 1.265 -0.345
-0.805 1.035 -0.115
-0.575 1.035 -0.115
-0.115 1.035 -0.345
-0.345 1.265 -0.115
-0.575 1.725 -0.345
-1.035 2.185 -1.035
-0.115 2.415 -1.495
-0.805 3.335 -1.495
-0.805 3.335 -1.035
-1.035 2.185 -0.805
-0.805 2.185 -0.805
-0.575 2.185 -0.115
-0.805 3.105 -0.805
-0.115 2.875 -0.575
-0.575 2.875 -0.345
-0.345 3.105 -0.345
-0.805 4.025 -2.415
-0.575 4.715 -2.185
0.345 3.565 -4.255
0.345 3.335 -3.795
0.805 4.255 -3.795
3.335 4.715 -4.485
4.255 6.095 -4.485
1.495 1.725 -3.335
0.575 1.495 -2.185
0.805 1.495 -2.185
0.345 2.415 -3.335
1.265 3.565 -3.565
0.345 1.955 -2.415
1.265 2.415 -1.955
2.185 2.185 -2.185
0.805 0.805 -1.725
0.575 1.035 -1.035
0.575 1.265 -1.035
0.805 1.495 -1.035
0.115 0.345 -0.805
0.115 0.345 -0.345
0.115 0.575 -0.115
0.345 0.805 -0.115
0.115 1.035 -0.575
0.345 1.265 -0.575
0.805 1.035 -0.805
0.575 1.035 -0.575
0.805 1.265 -0.575
0.115 1.495 -0.805
0.115 1.495 -0.575
0.575 1.495 -0.805
0.115 1.035 -0.345
0.345 1.035 -0.345
0.345 1.265 -0.345
0.575 1.265 -0.115
0.345 1.495 -0.115
0.345 1.725 -0.115
1.265 1.725 -0.805
0.115 2.185 -1.265
0.115 1.955 -1.035
1.495 1.955 -1.725
1.725 3.105 -1.265
0.575 1.955 -0.575
0.805 2.415 -0.805
1.265 2.645 -0.805
1.035 3.335 -0.805
1.265 3.335 -0.805
1.495 3.335 -0.805
2.415 4.485 -2.415
3.565 7.245 -2.645
1.725 4.025 -1.265
1.955 4.025 -1.495
1.955 4.025 -1.265
2.185 4.025 -1.265
3.335 4.025 -1.725
4.485 4.715 -3.105
3.795 7.015 -3.565
-0.805 0.575 0.115
-0.805 0.805 0.115
-0.575 0.805 0.115
-0.345 0.575 0.115
-0.345 0.805 0.115
-0.115 0.805 0.115
-0.805 1.035 0.115
-0.575 1.035 0.115
-0.805 1.265 0.115
-0.575 1.265 0.115
-0.345 1.035 0.115
-0.115 1.035 0.115
-0.345 1.265 0.115
-0.345 1.035 0.345
-0.115 1.035 0.345
-0.575 1.495 0.115
-0.575 1.725 0.115
-0.345 1.495 0.115
-0.345 1.725 0.115
-0.575 1.955 0.115
0.575 1.035 0.115
