-2.875 -3.795 3.335
-2.185 -1.495 1.725
-1.955 -1.495 1.725
-2.415 -1.035 1.725
-2.185 -1.265 1.495
-2.185 -1.265 1.725
-2.185 -1.035 1.495
-2.185 -1.035 1.725
-1.955 -1.265 1.495
-1.955 -1.265 1.725
-1.955 -1.035 1.495
-1.955 -1.035 1.725
-1.955 -0.805 1.265
-1.955 -0.575 1.265
-2.415 -0.805 1.725
-2.415 -0.575 1.725
-2.185 -0.805 1.495
-2.185 -0.575 1.495
-2.185 -0.805 1.725
-2.185 -0.575 1.725
-2.415 -0.345 1.725
-2.415 -0.115 1.725
-1.955 -0.345 1.495
-1.955 -0.115 1.495
-2.185 -0.345 1.725
-1.725 -1.265 1.725
-1.725 -1.035 1.725
-1.495 -1.035 1.725
-1.035 -1.035 1.725
-1.495 -0.575 1.265
-1.495 -0.345 1.035
-1.495 -0.805 1.725
-1.725 -0.115 1.495
-1.495 -0.115 1.725
-1.265 -0.345 1.495
-1.265 -0.345 1.725
-1.035 -0.345 1.725
-0.805 -0.805 1.725
-0.575 -0.115 1.495
-0.805 -0.345 1.725
-2.185 -1.955 2.185
-2.185 -2.185 2.415
-2.185 -1.725 1.955
-2.185 -1.495 1.955
-2.185 -1.495 2.185
-2.415 -1.035 1.955
-2.185 -1.265 1.955
-1.955 -1.265 1.955
-2.185 -1.035 1.955
-2.185 -1.035 2.185
-2.415 -1.725 2.415
-2.415 -1.725 2.645
-2.875 -0.575 2.645
-2.415 -0.805 1.955
-2.415 -0.575 1.955
-2.185 -0.805 1.955
-1.955 -0.805 1.955
-2.185 -0.575 1.955
-1.955 -0.575 1.955
-1.955 -0.575 2.185
-2.415 -0.345 1.955
-2.415 -0.115 1.955
-2.415 -0.345 2.185
-2.185 -0.345 1.955
-1.955 -0.345 1.955
-2.185 -0.115 1.955
-1.955 -0.115 1.955
-2.185 -0.345 2.185
-1.955 -0.345 2.185
-2.185 -0.115 2.185
-2.185 -0.115 2.415
-2.875 -1.265 3.105
-3.335 -1.265 3.565
-2.185 -0.805 3.105
-1.955 -0.345 3.565
-1.725 -1.495 1.955
-1.495 -1.495 1.955
-1.265 -1.495 2.185
-1.725 -1.265 1.955
-1.495 -1.265 1.955
-1.725 -1.035 1.955
-1.495 -1.035 1.955
-1.495 -1.035 2.185
-1.265 -1.265 1.955
-1.265 -1.265 2.185
-1.265 -1.035 1.955
-1.265 -1.035 2.185
-1.035 -1.265 1.955
-1.035 -1.265 2.185
-1.035 -1.035 1.955
-1.035 -1.035 2.185
-1.495 -1.035 2.415
-0.805 -1.035 1.955
-0.575 -1.035 1.955
-0.805 -1.035 2.185
-0.575 -1.035 2.185
-0.345 -1.035 2.185
-0.805 -1.495 2.415
-0.805 -1.265 2.415
-1.725 -0.805 1.955
-1.725 -0.805 2.185
-1.725 -0.575 1.955
-1.725 -0.575 2.185
-1.495 -0.805 1.955
-1.495 -0.805 2.185
-1.495 -0.575 1.955
-1.495 -0.575 2.185
-1.265 -0.805 1.955
-1.265 -0.805 2.185
-1.265 -0.575 1.955
-1.265 -0.575 2.185
-1.035 -0.805 1.955
-1.035 -0.805 2.185
-1.035 -0.575 1.955
-1.035 -0.575 2.185
-1.725 -0.345 1.955
-1.495 -0.345 1.955
-1.725 -0.115 1.955
-1.495 -0.115 1.955
-1.725 -0.115 2.185
-1.495 -0.115 2.185
-1.035 -0.345 1.955
-1.265 -0.115 1.955
-1.035 -0.115 1.955
-1.265 -0.345 2.185
-1.265 -0.115 2.185
-1.035 -0.115 2.185
-1.035 -0.575 2.415
-1.035 -0.575 2.645
-1.265 -0.115 2.645
-0.805 -0.805 1.955
-0.575 -0.805 1.955
-0.805 -0.805 2.185
-0.575 -0.805 2.185
-0.805 -0.575 2.185
-0.575 -0.575 2.185
-0.575 -0.345 1.955
-0.805 -0.345 2.185
-0.575 -0.345 2.185
-0.805 -0.115 2.185
-0.575 -0.115 2.185
-1.725 -1.265 3.105
-1.725 -1.495 3.335
-1.265 -0.575 2.875
-1.035 -0.345 3.335
-3.795 -5.635 5.175
-3.335 -4.025 4.255
-3.795 -0.345 7.245
-2.185 -3.335 4.025
-1.955 -1.725 4.255
-1.955 -1.265 4.255
-3.335 -0.575 4.025
-2.875 -0.575 5.405
-1.725 -1.725 4.255
-1.265 -1.725 5.405
-3.105 -2.185 5.635
-1.035 -0.345 5.865
-0.805 -0.575 6.555
-0.805 -0.805 7.245
-0.805 -0.575 7.245
-0.575 -0.575 7.245
-3.795 -0.575 7.475
-0.575 -1.035 8.165
-1.035 -0.805 7.705
-1.035 -0.805 8.165
-0.345 -0.805 8.395
-2.415 0.115 1.725
-2.415 0.345 1.725
-1.955 0.115 1.495
-1.955 0.345 1.495
-2.185 0.115 1.725
-1.955 0.115 1.725
-2.185 0.345 1.725
-1.955 0.345 1.725
-1.495 0.115 1.265
-1.725 0.345 1.265
-1.495 0.345 1.265
-1.725 0.115 1.495
-1.495 0.345 1.495
-1.725 0.115 1.725
-1.495 0.345 1.725
-1.035 0.115 1.495
-1.035 0.345 1.495
-1.265 0.115 1.725
-1.265 0.345 1.725
-1.265 0.575 1.495
-0.805 0.345 1.725
-2.875 0.115 2.645
-2.415 0.115 1.955
-2.645 0.345 1.955
-2.415 0.345 1.955
-2.645 0.115 2.185
-2.645 0.345 2.185
-1.955 0.115 1.955
-1.955 0.345 1.955
-1.955 0.115 2.185
-1.955 0.345 2.185
-1.955 0.575 1.955
-1.955 0.575 2.185
-2.645 0.115 2.415
-2.415 0.115 2.415
-2.645 0.345 2.415
-2.645 0.115 2.645
-2.415 0.115 2.875
-2.415 0.345 3.105
-1.725 0.115 1.955
-1.495 0.115 1.955
-1.495 0.345 1.955
-1.495 0.115 2.185
-1.495 0.345 2.185
-1.265 0.115 1.955
-1.265 0.345 1.955
-1.265 0.115 2.185
-1.265 0.345 2.185
-1.035 0.345 2.185
-1.495 0.575 1.955
-1.495 0.575 2.185
-1.265 0.575 1.955
-1.265 0.575 2.185
-1.035 0.575 2.185
-1.265 0.115 2.415
-1.035 0.345 2.415
-1.265 0.575 2.415
-1.035 0.575 2.645
-0.805 0.115 2.185
-0.575 0.115 2.185
-0.805 0.345 2.185
-0.805 0.575 2.185
-0.805 0.115 2.415
-0.805 0.345 2.415
-0.805 0.575 2.645
-0.805 0.805 3.105
-2.875 0.115 4.485
-2.415 0.345 4.025
-0.575 0.115 4.485
-0.805 0.575 4.715
-1.495 0.575 6.325
-1.495 0.575 6.785
-4.715 0.115 8.855
-1.035 0.575 7.475
