-3.795 -0.115 3.565
-2.185 -0.115 2.185
-2.415 -0.115 2.645
-2.185 -0.115 2.415
-1.955 -0.115 2.415
-2.185 -0.115 2.645
-1.955 -0.115 2.645
-1.725 -0.115 2.875
-1.725 -0.345 3.565
-4.715 -1.955 6.095
-3.565 -0.345 4.255
-0.805 -0.575 5.405
-0.805 -0.345 5.175
-0.805 -0.345 5.405
-1.035 -1.035 6.325
-0.805 -0.115 5.635
-0.115 -0.115 6.325
-1.035 -1.265 6.555
0.575 -1.035 9.085
0.805 -1.035 9.085
-3.795 1.265 2.875
-3.795 1.495 3.335
-2.415 0.805 1.725
-2.185 0.805 1.725
-1.955 1.035 1.495
-2.185 1.035 1.725
-2.185 1.265 1.725
-2.645 1.495 1.725
-2.415 1.495 1.725
-2.645 1.725 1.725
-2.415 1.725 1.725
-2.185 1.495 1.495
-1.955 1.495 1.495
-1.265 0.805 1.495
-1.725 1.035 1.265
-1.495 1.265 1.265
-1.725 1.265 1.495
-1.495 1.035 1.725
-1.725 1.265 1.725
-1.495 1.265 1.725
-1.725 1.495 1.495
-1.725 1.725 1.495
-1.495 1.495 1.725
-1.725 1.725 1.725
-1.495 1.725 1.725
-1.265 1.725 1.495
-1.035 1.495 1.725
-1.035 1.955 1.725
-2.875 0.575 2.645
-2.415 0.345 1.955
-2.415 0.115 2.185
-2.645 0.345 2.185
-2.415 0.345 2.185
-2.185 0.115 1.955
-2.185 0.345 1.955
-2.185 0.115 2.185
-1.955 0.115 2.185
-2.415 0.805 1.955
-2.645 0.575 2.185
-2.415 0.575 2.185
-2.645 0.805 2.185
-2.185 0.575 2.185
-2.185 0.805 2.185
-1.955 0.805 2.185
-2.415 0.115 2.415
-2.415 0.115 2.645
-2.415 0.345 2.645
-2.185 0.115 2.415
-2.185 0.115 2.645
-2.185 0.345 2.415
-2.185 0.345 2.645
-1.955 0.115 2.415
-1.955 0.115 2.645
-1.955 0.345 2.415
-1.955 0.345 2.645
-2.415 0.575 2.415
-2.185 0.575 2.415
-1.955 0.575 2.415
-2.185 0.805 2.415
-1.955 0.805 2.415
-3.105 1.725 2.185
-3.105 1.725 2.415
-2.875 1.495 2.645
-2.645 1.035 1.955
-2.415 1.035 1.955
-2.645 1.265 1.955
-2.415 1.265 1.955
-2.645 1.035 2.185
-2.415 1.035 2.185
-2.185 1.035 1.955
-2.185 1.265 1.955
-1.955 1.265 1.955
-2.185 1.035 2.185
-1.955 1.035 2.185
-1.955 1.265 2.185
-2.645 1.495 1.955
-2.415 1.495 1.955
-2.645 1.725 1.955
-1.955 1.495 1.955
-2.185 1.725 1.955
-1.955 1.725 1.955
-2.185 1.495 2.185
-1.955 1.495 2.185
-1.955 1.725 2.185
-1.955 1.035 2.415
-1.955 1.265 2.415
-2.185 0.345 3.105
-1.955 0.805 3.105
-2.185 0.575 3.335
-3.565 1.035 2.875
-3.565 1.495 3.335
-3.335 1.495 3.335
-2.415 1.035 2.875
-1.725 0.345 2.185
-1.725 0.805 1.955
-1.495 0.805 2.185
-1.725 0.115 2.645
-1.725 0.345 2.645
-1.495 0.345 2.645
-1.265 0.345 2.645
-1.495 0.575 2.415
-1.725 0.805 2.415
-1.725 0.575 2.645
-1.495 0.575 2.645
-1.725 0.805 2.645
-1.495 0.805 2.645
-1.725 1.035 2.185
-1.725 1.265 2.185
-1.725 1.725 1.955
-1.725 1.495 2.185
-1.495 1.495 2.185
-1.725 1.725 2.185
-1.495 1.725 2.185
-1.265 1.495 2.185
-1.725 1.035 2.415
-1.725 1.035 2.645
-1.725 1.265 2.415
-1.725 1.265 2.645
-1.495 1.035 2.415
-1.495 1.035 2.645
-1.495 1.265 2.415
-1.495 1.265 2.645
-1.265 1.035 2.415
-1.265 1.265 2.415
-1.035 1.035 2.645
-1.265 1.265 2.645
-1.035 1.265 2.645
-1.725 1.495 2.415
-1.495 1.495 2.415
-1.725 1.725 2.415
-1.495 1.725 2.415
-1.265 1.495 2.415
-1.265 1.725 2.415
-1.265 1.495 2.645
-1.035 1.495 2.645
-1.035 1.725 2.645
-0.805 1.035 2.415
-0.575 1.035 2.415
-0.805 1.035 2.645
-0.805 1.495 2.645
-1.725 0.115 2.875
-1.495 0.115 2.875
-1.725 0.345 2.875
-1.495 0.345 2.875
-1.265 0.115 2.875
-1.265 0.345 2.875
-1.035 0.345 2.875
-1.265 0.115 3.105
-1.035 0.115 3.105
-1.265 0.345 3.105
-1.495 0.575 2.875
-1.495 0.575 3.105
-1.265 0.575 2.875
-1.265 0.805 2.875
-1.035 0.805 2.875
-1.265 0.805 3.105
-1.035 0.115 3.335
-1.495 0.575 3.335
-1.265 0.575 3.335
-1.035 0.805 3.335
-1.035 0.805 3.565
-0.805 0.345 3.105
-0.805 0.805 2.875
-0.805 0.575 3.105
-0.575 0.575 3.105
-0.805 0.805 3.105
-0.805 0.345 3.335
-0.575 0.345 3.335
-0.575 0.345 3.565
-0.805 0.575 3.335
-0.575 0.575 3.335
-0.805 0.805 3.335
-1.035 1.035 2.875
-1.035 1.265 2.875
-1.035 1.495 2.875
-0.805 1.035 2.875
-0.805 1.035 3.105
-2.185 1.955 1.955
-1.955 1.955 1.955
-2.185 1.955 2.185
-1.955 1.955 2.645
-3.565 1.955 3.105
-2.185 2.185 2.875
-2.185 2.185 3.105
-1.725 1.955 2.185
-1.495 1.955 2.185
-1.495 2.185 2.185
-1.035 1.955 2.185
-1.265 2.185 2.185
-1.035 2.185 2.185
-1.265 1.955 2.415
-1.265 2.185 3.565
-4.485 0.115 4.255
-7.245 0.575 6.095
-5.405 1.495 5.635
-6.555 2.185 6.325
-6.785 2.185 6.555
-1.955 1.265 3.795
-1.495 0.805 3.795
-1.495 0.805 4.255
-0.805 0.345 3.795
-0.805 0.805 3.795
-1.725 1.265 3.795
-0.345 0.345 5.175
-0.575 1.265 5.175
-2.645 2.185 4.255
-2.185 2.185 4.255
-2.645 2.415 4.255
-3.105 2.415 4.945
-3.335 2.415 5.175
-2.645 1.035 6.555
-1.265 0.345 6.095
-1.725 0.805 6.785
-2.875 1.955 5.865
-2.415 0.115 7.705
-1.495 0.115 9.315
