-0.345 -0.115 -1.035
0.805 -0.115 -1.495
0.115 -0.115 -1.265
1.035 -0.115 -1.495
-2.875 0.575 -8.855
-2.185 0.345 -8.395
-2.185 0.345 -6.095
-0.345 0.345 -6.325
-2.645 3.335 -5.635
-1.035 3.335 -5.635
-0.115 3.565 -5.865
-1.035 0.345 -5.405
-1.265 0.345 -4.945
-1.725 0.345 -4.025
-1.495 0.345 -4.025
-1.495 0.345 -3.795
-1.265 0.345 -4.025
-1.265 0.345 -3.795
-1.035 0.345 -3.795
-0.805 0.345 -3.795
-0.345 1.495 -4.255
-3.335 3.795 -6.785
-3.105 4.025 -6.785
-2.645 5.175 -5.635
-0.345 4.485 -7.015
-1.035 5.175 -5.635
-2.875 5.865 -6.095
-1.265 5.635 -5.865
-1.725 6.325 -5.635
-1.495 4.485 -4.715
-0.575 4.485 -5.405
-0.575 4.255 -4.945
-0.115 4.025 -4.025
-1.035 0.115 -3.335
-0.805 0.345 -3.565
-0.805 0.345 -3.335
-0.575 0.345 -3.335
-0.115 0.115 -3.335
-0.805 0.115 -2.875
-0.115 0.115 -3.105
-0.345 0.345 -3.105
-0.115 0.345 -3.105
-0.345 0.115 -2.875
-0.345 0.805 -3.105
-0.345 0.805 -2.875
-0.805 1.035 -3.565
-0.345 1.035 -2.875
-0.575 0.115 -2.645
-0.345 0.805 -2.185
-0.345 0.575 -1.955
-1.265 1.955 -2.875
-0.575 2.415 -2.645
-0.575 0.805 -1.725
-0.575 0.805 -1.495
-0.345 0.575 -1.495
-0.115 0.575 -1.495
-0.345 0.805 -1.495
-0.575 0.345 -1.265
-0.345 0.345 -1.265
-0.345 0.345 -1.035
-0.115 0.345 -1.035
-0.575 0.805 -1.265
-0.345 0.575 -1.265
-0.115 0.575 -1.265
-0.345 0.805 -1.265
-0.115 0.805 -1.265
-0.805 1.035 -1.725
-0.575 1.035 -1.725
-0.805 1.035 -1.495
-0.575 1.035 -1.495
-0.575 1.265 -1.495
-0.345 1.035 -1.495
-0.575 1.495 -1.495
-0.345 1.035 -1.265
-0.115 1.035 -1.265
-0.345 1.265 -1.265
-0.115 1.265 -1.265
-0.345 1.265 -1.035
-0.575 1.495 -1.265
-0.345 1.495 -1.265
-0.115 0.345 -0.805
0.115 1.035 -7.475
0.345 4.715 -8.395
0.345 1.035 -7.245
0.115 1.035 -6.555
0.115 3.565 -5.865
0.115 3.335 -5.635
1.035 0.575 -4.485
0.805 1.495 -4.255
0.575 3.105 -4.255
1.265 4.715 -5.175
1.265 4.025 -3.795
2.185 3.795 -4.255
0.115 0.345 -3.105
1.035 0.345 -3.105
0.805 0.805 -2.415
0.805 0.345 -2.185
0.805 0.575 -1.955
1.035 0.115 -2.645
1.035 0.115 -2.415
1.035 0.345 -2.415
1.035 0.115 -2.185
1.035 0.345 -2.185
1.035 0.575 -2.185
1.035 0.575 -1.955
0.805 1.035 -2.415
0.115 1.495 -2.185
0.345 1.725 -2.185
0.575 1.725 -2.185
1.265 1.495 -1.955
0.115 1.955 -2.875
0.345 2.185 -2.875
0.575 2.185 -3.105
1.265 2.645 -3.335
2.185 3.105 -3.335
0.115 0.115 -1.725
0.345 0.345 -1.495
0.805 0.115 -1.725
0.115 0.575 -1.725
0.575 0.575 -1.495
0.345 0.115 -1.265
0.115 0.115 -1.035
0.345 0.115 -1.035
0.345 0.345 -1.035
0.575 0.115 -1.035
0.575 0.345 -1.035
0.115 0.575 -1.265
0.345 0.575 -1.035
0.115 0.805 -1.035
0.575 0.575 -1.265
0.575 0.805 -1.265
0.805 0.805 -1.035
0.345 1.035 -1.495
0.575 1.495 -1.495
0.345 1.035 -1.265
0.115 1.265 -1.265
1.265 1.495 -1.725
0.115 0.345 -0.805
0.345 0.345 -0.805
0.575 0.115 -0.805
0.575 0.345 -0.805
0.115 0.575 -0.805
0.345 0.575 -0.805
0.115 0.805 -0.805
0.345 0.805 -0.805
1.955 3.795 -3.565
