-0.115 -1.265 0.575
-0.345 -1.265 0.805
-0.115 -1.265 0.805
-0.345 -1.035 0.805
-0.115 -1.035 0.805
-0.115 -0.805 0.115
-0.115 -0.805 0.345
-0.115 -0.575 0.345
-0.345 -0.115 0.115
-0.115 -0.115 0.115
-0.115 -0.345 0.345
-0.115 -0.345 0.805
-0.345 -1.495 1.035
-0.115 -1.495 1.035
-0.345 -1.495 1.265
-0.115 -1.495 1.265
-0.575 -1.265 1.035
-0.575 -1.265 1.265
-0.345 -1.265 1.035
-0.115 -1.265 1.035
-0.345 -1.265 1.265
-0.115 -1.265 1.265
-0.115 -0.575 1.035
-0.115 -0.345 1.265
-0.805 -0.805 2.185
-0.115 -0.345 1.955
0.115 -1.035 0.115
0.575 -1.265 0.345
0.575 -1.035 0.345
0.345 -1.265 0.575
0.345 -1.265 0.805
0.115 -1.035 0.805
0.575 -1.265 0.575
0.575 -1.035 0.575
0.575 -1.265 0.805
0.575 -1.035 0.805
0.115 -0.805 0.115
0.115 -0.805 0.345
0.345 -0.805 0.345
0.345 -0.575 0.345
0.575 -0.805 0.115
0.575 -0.575 0.115
0.575 -0.805 0.345
0.115 -0.345 0.345
0.575 -0.345 0.345
0.805 -0.345 0.345
0.345 -0.575 0.575
0.115 -0.805 0.805
0.575 -0.575 0.575
0.805 -0.575 0.575
0.115 -0.115 0.805
0.575 -0.345 0.575
0.575 -0.115 0.575
1.035 -0.115 0.345
1.035 -0.345 0.575
0.575 -1.495 1.035
0.345 -1.265 1.035
0.345 -1.035 1.035
0.345 -1.265 1.265
0.345 -1.035 1.265
0.575 -1.265 1.035
0.575 -1.035 1.035
0.345 -1.035 1.495
0.575 -1.265 1.495
0.575 -1.035 1.495
0.805 -1.035 1.495
0.575 -1.035 1.725
0.115 -0.575 1.035
0.345 -0.575 1.265
0.115 -0.345 1.265
0.345 -0.805 1.495
0.575 -0.805 1.495
0.805 -0.805 1.495
0.805 -0.575 1.495
0.575 -0.805 1.725
0.115 -0.345 1.495
0.575 -0.345 1.725
0.575 -0.805 1.955
0.805 -0.805 1.955
0.805 -0.115 1.955
1.035 -0.575 1.955
1.265 -0.115 1.955
0.345 -0.115 2.875
0.575 -0.115 2.875
-0.345 0.575 0.345
-0.115 0.115 0.575
-0.115 0.805 0.575
-0.345 0.575 0.805
-0.115 0.575 0.805
-0.115 1.725 0.575
-1.035 0.805 1.725
-0.345 0.805 1.035
-0.115 0.805 1.725
-0.115 1.725 1.035
-0.345 1.265 1.725
-0.115 1.725 1.725
-0.805 2.415 1.495
-0.575 2.415 1.495
-0.805 2.645 1.495
-1.035 3.105 1.495
-0.805 3.105 1.495
-0.575 3.105 1.725
-0.805 3.335 1.495
-0.575 3.335 1.725
-0.345 3.565 1.725
-0.115 0.575 2.645
-1.265 1.035 1.955
-1.035 1.265 1.955
-1.495 1.495 1.955
-1.265 3.335 3.105
-2.415 5.175 1.725
-2.645 5.405 1.725
-2.415 5.405 1.725
-1.955 5.175 1.725
-1.035 3.795 1.725
-1.265 4.485 1.725
-1.035 4.485 1.725
-0.805 3.795 1.725
-0.575 3.795 1.725
-0.575 4.025 1.725
-0.345 4.025 1.725
-0.805 4.255 1.725
-0.575 4.255 1.725
-0.345 4.255 1.725
-2.415 5.175 1.955
-2.185 5.175 1.955
-2.185 5.405 1.955
-0.805 4.255 1.955
-1.725 4.945 1.955
-1.495 4.945 1.955
-1.265 4.715 1.955
-1.265 4.945 1.955
-1.035 4.945 1.955
-1.955 5.635 1.955
-2.415 6.095 1.955
-2.185 6.095 1.955
-2.645 7.015 1.955
-2.415 7.015 2.185
-2.185 6.785 2.645
-1.725 5.635 1.955
-1.725 6.555 2.185
0.575 0.115 0.345
0.575 0.345 0.345
0.345 0.115 0.575
0.575 0.575 0.805
0.805 0.805 0.805
1.035 0.115 0.345
1.035 0.345 0.345
1.035 0.805 0.575
0.805 1.035 0.345
0.115 1.035 0.575
1.265 1.495 0.345
1.035 1.495 0.805
0.115 0.805 1.265
1.265 0.115 1.035
1.035 0.805 1.035
0.115 1.035 1.265
0.575 1.265 1.035
0.115 1.495 1.035
0.115 1.495 1.265
0.115 1.725 1.495
1.035 1.035 1.035
1.725 2.185 0.805
0.805 0.115 2.645
1.035 0.115 2.185
1.495 0.115 2.415
0.345 0.115 2.875
0.575 0.115 2.875
1.035 1.265 3.105
2.185 1.495 2.185
2.415 2.185 3.565
0.345 4.945 0.575
1.725 5.405 1.495
1.955 1.265 4.485
2.185 1.725 5.175
1.495 2.645 4.255
1.265 2.185 5.175
1.955 2.875 5.635
1.955 3.565 6.325
0.805 4.255 4.715
0.805 4.485 5.175
0.345 4.025 6.095
0.575 3.565 7.935
