-1.495 -0.115 -7.015
-1.725 -0.115 -5.405
-1.495 -0.115 -5.405
-1.265 -0.115 -5.405
-0.805 -0.115 -5.405
-2.415 1.035 -7.475
-2.185 1.955 -8.395
-2.185 1.955 -8.165
-2.185 0.345 -6.095
-2.185 0.345 -5.865
-2.185 0.115 -5.635
-1.265 0.805 -7.015
-1.725 0.115 -6.555
-0.115 0.115 -6.555
-1.265 0.345 -6.325
-1.725 0.115 -5.635
-0.345 0.115 -6.325
-0.345 0.115 -6.095
-0.805 0.805 -6.095
-0.805 0.115 -5.635
-0.575 0.345 -5.635
-0.345 0.345 -5.865
-0.345 0.345 -5.635
-0.575 0.805 -5.865
-0.575 0.805 -5.635
-1.725 1.035 -5.635
-0.805 1.035 -6.325
-0.805 1.035 -6.095
-0.575 1.265 -5.865
-1.955 0.115 -5.175
-2.185 0.115 -4.945
-1.955 0.115 -4.945
-1.955 0.115 -4.715
-1.955 1.265 -4.715
-1.955 0.115 -4.255
-1.955 1.035 -4.485
-1.955 1.035 -4.255
-1.955 1.035 -4.025
-1.955 1.265 -4.025
-1.955 1.035 -3.795
-1.955 1.265 -3.795
-1.725 0.115 -5.405
-1.725 0.115 -5.175
-1.495 0.115 -5.175
-1.265 0.115 -5.405
-1.725 0.115 -4.945
-1.495 0.115 -4.945
-1.725 0.115 -4.715
-1.035 0.115 -4.945
-1.035 0.345 -4.945
-1.265 0.115 -4.715
-1.035 0.115 -4.715
-1.035 0.345 -4.715
-1.035 0.575 -4.715
-0.575 0.115 -5.405
-0.805 0.345 -5.175
-0.805 0.115 -4.945
-0.805 0.115 -4.715
-0.805 0.345 -4.715
-1.495 1.035 -5.405
-1.725 1.265 -4.945
-1.725 1.265 -4.715
-1.265 1.035 -4.945
-0.575 1.495 -5.405
-1.265 0.115 -4.485
-1.035 0.115 -4.485
-1.265 0.345 -4.485
-1.035 0.115 -4.025
-1.265 0.575 -3.795
-0.805 0.345 -4.485
-0.345 0.115 -4.485
-0.345 0.115 -4.255
-0.115 0.115 -4.255
-0.345 0.345 -4.255
-0.345 0.805 -4.485
-0.805 0.115 -4.025
-0.115 0.115 -4.025
-0.115 0.345 -4.025
-0.115 0.115 -3.795
-0.345 0.345 -3.795
-0.115 0.345 -3.795
-0.115 0.805 -4.025
-0.115 0.575 -3.795
-0.115 0.805 -3.795
-1.725 1.265 -4.485
-0.115 1.035 -4.485
-0.345 1.265 -4.485
-0.345 1.265 -4.255
-0.345 1.035 -4.025
-0.115 1.265 -4.025
-0.115 1.035 -3.795
-0.115 1.265 -3.795
-0.575 3.335 -4.025
-0.575 4.255 -6.555
-0.345 4.025 -6.095
-0.575 3.795 -5.635
-0.345 3.795 -5.635
-3.335 6.325 -6.785
-1.955 6.095 -7.245
-2.415 3.795 -4.945
-2.185 4.485 -4.715
-0.805 4.485 -4.945
-0.575 5.175 -4.485
-0.345 6.555 -5.405
-1.495 0.805 -2.875
-1.035 0.575 -3.105
-0.345 0.115 -3.565
-0.115 0.115 -3.565
-0.115 0.345 -3.565
-0.115 0.345 -3.335
-0.115 0.575 -3.565
-0.115 0.805 -3.565
-0.115 0.115 -3.105
-0.115 0.345 -3.105
-1.725 1.265 -3.105
-1.725 1.265 -2.875
-1.035 1.035 -3.105
-0.805 1.265 -3.565
-0.115 1.035 -3.565
-0.115 1.265 -3.565
-0.115 1.035 -3.335
-0.115 1.035 -3.105
-1.495 1.035 -2.645
-1.265 1.265 -1.955
-0.345 1.725 -2.185
-1.035 2.645 -2.645
-0.805 2.185 -2.415
-1.265 3.105 -2.415
-0.575 2.875 -1.955
-1.035 0.575 -1.495
-1.035 0.575 -1.265
-1.035 0.805 -1.035
-0.805 0.575 -1.725
-0.805 0.805 -1.495
-0.115 0.345 -1.265
-0.575 0.805 -1.265
-0.805 0.805 -1.035
-0.575 0.805 -1.035
-0.345 0.805 -1.265
-0.345 0.805 -1.035
-1.265 1.495 -1.725
-1.035 1.725 -1.035
-0.115 1.035 -1.725
-0.805 1.495 -1.495
-0.575 1.035 -1.265
-0.575 1.035 -1.035
-0.345 1.035 -1.265
-0.115 1.035 -1.265
-0.115 1.265 -1.265
-0.345 1.035 -1.035
-0.345 1.265 -1.035
-0.575 1.495 -1.265
-0.115 1.495 -1.265
-0.345 1.495 -1.035
-0.115 1.495 -1.035
-1.035 0.805 -0.805
-0.575 0.575 -0.805
-0.805 0.805 -0.805
-0.575 0.805 -0.805
-0.805 0.575 -0.575
-0.805 0.805 -0.575
-0.575 0.805 -0.575
-0.345 0.805 -0.805
-0.115 0.805 -0.805
-0.345 0.575 -0.575
-0.115 0.575 -0.575
-0.345 0.805 -0.575
-0.115 0.805 -0.575
-0.115 0.805 -0.345
-1.035 1.035 -0.805
-1.035 1.035 -0.575
-1.035 1.265 -0.575
-1.035 1.495 -0.805
-1.035 1.495 -0.575
-0.805 1.035 -0.805
-0.805 1.035 -0.575
-0.805 1.265 -0.805
-0.805 1.265 -0.575
-0.575 1.035 -0.805
-0.575 1.035 -0.575
-0.575 1.265 -0.805
-0.575 1.265 -0.575
-0.345 1.035 -0.805
-0.115 1.035 -0.805
-0.115 1.265 -0.805
-0.345 1.035 -0.575
-0.115 1.035 -0.575
-0.115 1.265 -0.575
-0.805 1.725 -0.805
-0.805 1.495 -0.575
-0.345 1.725 -0.805
-0.115 1.495 -0.575
-0.345 1.035 -0.345
-0.115 1.265 -0.345
-1.035 2.415 -1.495
-0.575 2.185 -1.725
-0.115 1.955 -1.035
-0.345 2.415 -1.265
1.035 0.575 -4.945
1.035 0.575 -4.715
0.345 0.345 -4.255
0.805 0.345 -4.255
0.345 0.345 -4.025
0.115 0.115 -3.795
0.115 0.345 -3.795
0.345 0.345 -3.795
0.575 0.345 -4.025
0.575 0.345 -3.795
0.115 0.575 -3.795
0.345 0.575 -3.795
0.115 0.805 -3.795
0.345 0.805 -3.795
0.575 0.575 -4.025
0.575 0.575 -3.795
0.805 1.265 -4.025
0.575 7.245 -5.635
0.115 4.715 -4.945
0.115 4.255 -4.485
0.345 4.025 -3.795
0.115 0.115 -3.565
0.345 0.115 -3.565
0.115 0.345 -3.565
0.345 0.345 -3.565
0.115 0.115 -3.335
0.345 0.115 -3.335
0.115 0.345 -3.335
0.575 0.345 -3.565
0.575 0.345 -3.335
0.805 0.345 -3.335
0.115 0.575 -3.565
0.345 0.575 -3.565
0.115 0.805 -3.565
0.345 0.805 -3.565
0.115 0.575 -3.335
0.115 0.805 -3.335
0.575 0.575 -3.335
0.115 0.115 -3.105
0.345 0.115 -3.105
0.115 0.345 -3.105
0.115 0.115 -2.875
0.345 0.115 -2.875
0.575 0.345 -3.105
0.805 0.345 -3.105
0.575 0.115 -2.875
0.805 0.115 -2.875
0.575 0.345 -2.875
0.805 0.345 -2.875
0.115 0.575 -3.105
0.115 0.805 -3.105
0.345 0.805 -3.105
0.345 0.805 -2.875
0.575 0.575 -3.105
0.575 0.575 -2.875
0.575 0.805 -3.105
0.575 0.805 -2.875
0.805 0.575 -3.105
0.805 0.575 -2.875
0.805 0.805 -3.105
0.805 0.805 -2.875
0.345 1.035 -3.565
0.115 1.035 -3.335
0.345 1.035 -3.335
0.345 1.035 -3.105
0.115 1.035 -2.875
0.345 1.035 -2.875
0.575 1.035 -2.875
0.345 0.115 -2.645
0.805 0.115 -2.645
0.575 0.345 -2.645
0.805 0.345 -2.645
0.805 0.115 -2.415
0.575 0.345 -2.415
0.805 0.345 -2.415
0.345 0.805 -2.645
0.575 0.575 -2.645
0.575 0.575 -2.415
0.575 0.805 -2.645
0.575 0.805 -2.415
0.805 0.575 -2.645
0.805 0.575 -2.415
0.805 0.805 -2.645
0.805 0.805 -2.415
0.575 0.115 -2.185
0.805 0.345 -2.185
0.575 0.115 -1.955
0.575 0.345 -1.955
0.805 0.345 -1.955
0.805 0.575 -2.185
0.805 0.805 -2.185
0.805 0.575 -1.955
0.345 1.495 -1.955
0.345 1.955 -2.875
0.805 1.955 -1.955
0.575 0.115 -1.725
0.575 0.345 -1.725
0.575 0.115 -1.495
0.575 0.345 -1.495
0.575 0.575 -1.725
0.805 0.575 -1.725
0.575 0.805 -1.725
0.805 0.805 -1.725
0.575 0.575 -1.495
0.575 0.805 -1.495
0.805 0.805 -1.495
0.345 0.575 -1.035
0.115 0.805 -1.035
0.345 0.805 -1.035
0.115 1.035 -1.725
0.575 1.265 -1.495
0.345 1.495 -1.725
0.345 1.035 -1.265
0.115 1.265 -1.035
0.345 1.265 -1.035
0.345 1.495 -1.265
0.115 0.805 -0.805
0.345 0.805 -0.805
0.115 0.575 -0.575
0.115 0.805 -0.575
0.115 1.035 -0.805
0.345 1.265 -0.805
0.115 1.035 -0.575
0.115 1.265 -0.575
0.115 1.495 -0.575
0.115 1.955 -1.495
0.345 2.185 -1.495
0.575 2.645 -1.725
0.115 4.025 -3.565
0.345 3.795 -2.645
