-0.345 1.725 -1.265
-0.115 0.115 -0.115
-0.345 0.345 -0.115
-0.575 0.575 -0.115
-0.575 0.805 -0.115
-0.115 0.575 -0.345
-0.345 0.575 -0.115
-0.345 0.805 -0.115
-0.575 1.265 -0.575
-0.345 1.035 -0.575
-0.115 1.035 -0.575
-0.575 1.265 -0.345
-0.345 1.035 -0.345
-0.345 1.265 -0.345
-0.345 1.035 -0.115
-0.115 1.035 -0.115
-0.345 1.265 -0.115
-0.115 1.265 -0.115
-0.345 1.495 -0.345
-0.115 1.495 -0.345
-0.345 1.725 -0.345
-0.115 1.725 -0.345
-0.345 1.495 -0.115
-0.115 1.495 -0.115
-0.115 1.725 -0.115
-0.115 1.955 -1.035
-0.115 1.955 -0.345
-0.115 2.185 -0.345
1.265 6.555 -5.635
1.495 7.015 -5.865
1.035 4.255 -4.715
3.105 1.265 -2.645
0.115 2.185 -1.955
0.575 2.645 -2.185
2.645 3.105 -3.335
3.335 3.335 -1.955
1.265 0.575 -1.035
0.805 1.035 -1.035
0.805 1.265 -1.035
0.115 1.725 -1.035
0.575 1.725 -1.035
1.035 1.265 -1.495
1.035 1.725 -1.495
1.265 1.035 -1.265
1.035 1.035 -1.035
0.345 0.345 -0.805
0.805 0.345 -0.805
0.575 0.345 -0.575
0.115 0.115 -0.345
0.115 0.345 -0.345
0.115 0.115 -0.115
0.345 0.115 -0.115
0.345 0.345 -0.115
0.345 0.805 -0.345
0.115 0.805 -0.115
0.575 0.575 -0.345
0.575 0.805 -0.345
0.345 1.035 -0.805
0.345 1.035 -0.575
0.575 1.035 -0.575
0.345 1.495 -0.805
0.115 1.265 -0.345
0.115 1.035 -0.115
0.115 1.265 -0.115
0.345 1.265 -0.115
0.575 1.035 -0.345
0.575 1.035 -0.115
0.575 1.265 -0.115
0.805 1.265 -0.115
0.115 1.495 -0.345
0.115 1.495 -0.115
0.115 1.725 -0.345
0.115 1.725 -0.115
0.345 1.495 -0.345
0.345 1.495 -0.115
0.345 1.725 -0.345
0.345 1.725 -0.115
0.575 1.495 -0.345
0.805 1.495 -0.345
0.805 1.725 -0.345
0.575 1.495 -0.115
0.805 1.495 -0.115
0.575 1.725 -0.115
1.265 1.725 -0.805
1.495 1.725 -0.805
1.265 1.035 -0.115
0.805 2.185 -1.725
0.575 1.955 -0.345
0.575 2.185 -0.345
0.575 1.955 -0.115
0.115 2.415 -0.115
0.805 2.645 -0.115
1.495 1.955 -0.805
0.575 3.105 -0.575
2.415 2.645 -1.725
3.565 2.645 -0.115
5.175 3.105 -2.185
0.115 4.025 -2.875
1.725 4.255 -0.805
4.025 5.635 -0.575
-0.345 0.805 0.115
-0.115 0.805 0.575
-0.115 1.725 0.345
-0.345 1.035 0.575
-0.115 1.035 0.575
-0.115 1.265 0.805
-0.115 1.495 0.575
0.115 0.115 0.115
0.115 0.345 0.115
0.345 0.345 0.115
0.115 0.345 0.345
0.345 0.345 0.345
0.575 0.345 0.345
0.115 0.575 0.115
0.345 0.575 0.115
0.115 0.805 0.115
0.345 0.805 0.115
0.115 0.575 0.345
0.345 0.805 0.345
0.575 0.575 0.115
0.575 0.575 0.345
0.575 0.805 0.115
0.575 0.805 0.345
0.805 0.575 0.115
0.805 0.575 0.345
0.805 0.805 0.115
0.805 0.805 0.345
0.115 0.805 0.575
0.575 0.575 0.575
0.575 0.805 0.575
0.805 0.805 0.575
1.035 0.805 0.115
1.035 0.805 0.345
1.035 0.805 0.575
0.345 1.035 0.115
0.345 1.265 0.115
0.345 1.035 0.345
0.345 1.265 0.345
0.575 1.035 0.115
0.805 1.035 0.115
0.575 1.265 0.115
0.805 1.265 0.115
0.575 1.035 0.345
0.805 1.035 0.345
0.115 1.495 0.115
0.345 1.495 0.115
0.115 1.725 0.115
0.115 1.495 0.345
0.345 1.495 0.345
0.115 1.725 0.345
0.345 1.725 0.345
0.575 1.495 0.115
0.805 1.495 0.115
0.575 1.725 0.115
0.575 1.495 0.345
0.115 1.035 0.575
0.345 1.035 0.575
0.115 1.265 0.575
0.345 1.265 0.575
0.115 1.035 0.805
0.575 1.035 0.575
0.805 1.035 0.575
0.575 1.265 0.575
0.805 1.265 0.575
0.345 1.725 0.575
0.575 1.725 0.575
1.725 1.265 0.345
1.265 1.495 0.115
1.495 1.495 0.115
0.345 1.955 0.115
0.345 1.955 0.345
0.575 2.185 0.345
0.345 1.955 0.575
0.345 2.185 0.575
0.345 1.955 0.805
1.955 2.645 0.345
3.335 5.635 0.345
