3.335 1.725 -0.115
2.415 2.185 -0.115
2.645 2.185 -0.115
4.025 0.345 -0.575
3.795 0.345 -0.345
-0.115 0.575 0.575
-0.115 0.805 0.575
-0.115 0.805 0.805
-0.115 1.035 0.575
-0.115 1.265 0.575
-0.345 1.035 0.805
-0.115 1.265 0.805
-0.115 0.575 1.035
-0.115 0.805 1.035
-0.115 0.805 1.265
-0.115 1.035 1.035
-0.115 1.035 1.495
0.575 0.115 0.345
0.575 0.345 0.345
0.805 0.345 0.345
0.805 0.805 0.115
0.805 0.575 0.345
0.575 0.805 0.345
0.805 0.805 0.345
0.345 0.345 0.575
0.345 0.345 0.805
0.575 0.345 0.575
0.805 0.115 0.805
0.575 0.345 0.805
0.805 0.345 0.805
0.115 0.575 0.575
0.115 0.805 0.805
0.575 0.575 0.575
0.805 0.575 0.575
0.575 0.575 0.805
0.805 0.575 0.805
0.575 0.805 0.805
0.805 0.805 0.805
1.035 0.575 0.115
1.265 0.575 0.115
1.035 0.805 0.115
1.265 0.805 0.115
1.035 0.575 0.345
1.035 0.805 0.345
1.265 0.805 0.345
1.035 0.345 0.805
1.035 0.805 0.805
1.265 0.805 0.805
0.345 1.035 0.115
0.115 1.265 0.115
0.345 1.265 0.115
0.115 1.035 0.345
0.345 1.035 0.345
0.345 1.265 0.345
0.575 1.035 0.115
0.805 1.035 0.115
0.575 1.035 0.345
0.575 1.265 0.345
0.805 1.725 0.115
0.115 1.035 0.575
0.115 1.265 0.575
0.115 1.035 0.805
0.345 1.035 0.805
0.115 1.265 0.805
0.345 1.265 0.805
0.575 1.035 0.575
0.805 1.265 0.575
0.575 1.035 0.805
0.805 1.035 0.805
0.575 1.265 0.805
0.805 1.265 0.805
0.115 1.495 0.805
0.345 1.495 0.805
0.805 1.495 0.805
1.035 1.035 0.115
1.035 1.035 0.805
1.265 1.495 0.805
0.115 0.345 1.265
0.805 0.115 1.035
0.805 0.345 1.035
0.575 0.115 1.265
0.115 0.575 1.035
0.345 0.805 1.035
0.805 0.575 1.035
0.575 0.805 1.265
0.115 0.345 1.495
0.575 0.345 1.495
0.345 0.805 1.495
0.575 0.575 1.495
1.035 0.345 1.035
1.265 0.345 1.035
1.035 0.575 1.035
1.265 0.575 1.035
1.035 0.805 1.035
1.035 0.575 1.265
1.035 0.805 1.265
1.265 0.805 1.265
1.265 0.345 1.725
1.495 0.345 1.495
1.035 0.805 1.495
1.265 0.805 1.495
0.115 1.035 1.035
0.115 1.265 1.265
0.345 1.265 1.265
0.575 1.035 1.035
0.805 1.035 1.035
0.575 1.265 1.035
0.575 1.035 1.265
0.805 1.035 1.265
0.575 1.265 1.265
0.805 1.265 1.265
0.115 1.495 1.035
0.345 1.495 1.035
0.115 1.495 1.265
0.345 1.495 1.265
0.345 1.265 1.495
0.345 1.035 1.725
0.805 1.035 1.495
0.575 1.265 1.495
0.805 1.265 1.495
0.575 1.035 1.725
0.805 1.035 1.725
0.575 1.265 1.725
0.115 1.495 1.495
0.345 1.495 1.495
0.115 1.725 1.495
0.345 1.725 1.495
0.115 1.495 1.725
0.345 1.495 1.725
0.115 1.725 1.725
0.575 1.725 1.495
0.575 1.495 1.725
1.035 1.035 1.265
1.265 1.035 1.265
1.495 1.035 1.265
1.725 1.495 1.265
1.035 1.035 1.495
2.415 1.265 0.115
2.415 0.575 1.725
3.105 0.575 1.725
3.335 0.575 1.725
1.955 1.035 1.265
2.645 1.725 1.725
0.575 1.955 0.345
0.805 2.185 0.805
0.805 2.185 1.035
0.805 2.645 1.035
0.805 0.575 1.955
1.035 0.805 1.955
1.265 0.805 1.955
1.035 0.805 2.185
1.265 0.805 2.185
0.345 1.265 1.955
0.575 1.035 1.955
0.805 1.035 1.955
0.575 1.265 1.955
0.805 1.265 1.955
0.115 1.495 1.955
0.345 1.495 1.955
1.035 1.035 1.955
1.035 1.035 2.185
1.265 1.035 2.415
3.105 0.575 2.645
2.185 1.495 2.645
3.335 1.035 1.955
3.105 1.035 2.645
3.335 1.725 2.645
3.565 1.265 2.875
3.105 1.035 3.565
1.265 2.645 2.185
1.725 2.645 2.185
2.645 2.645 2.645
3.335 2.415 1.955
2.875 2.415 2.645
3.105 2.645 3.105
4.255 1.495 0.115
7.245 1.955 2.645
3.565 4.255 1.725
2.645 4.485 1.955
3.795 4.715 2.185
4.025 5.865 2.185
4.255 6.095 1.955
