-2.415 -0.115 6.785
-2.875 -0.805 8.625
-1.725 2.185 1.725
-1.495 2.185 1.725
-1.035 2.415 1.495
-1.265 2.415 1.725
-1.035 2.415 1.725
-0.575 1.955 1.495
-0.575 2.185 1.495
-0.805 1.955 1.725
-0.575 1.955 1.725
-0.575 2.185 1.725
-0.575 2.415 1.495
-1.955 1.495 2.645
-1.955 1.265 2.875
-1.955 1.035 3.105
-1.955 1.265 3.105
-1.955 1.495 3.105
-1.955 1.725 3.105
-1.955 1.265 3.565
-1.955 1.495 3.335
-1.955 1.725 3.565
-1.495 1.725 2.185
-1.725 1.265 2.645
-1.495 1.495 2.415
-1.495 1.725 2.415
-1.495 1.495 2.645
-1.725 1.725 2.645
-1.495 1.725 2.645
-0.575 1.725 2.415
-0.575 1.495 2.645
-0.805 1.725 2.645
-0.115 1.725 2.645
-1.725 0.805 3.335
-1.495 1.035 2.875
-1.725 1.265 2.875
-1.495 1.265 2.875
-1.725 1.035 3.105
-1.495 1.265 3.105
-1.035 1.265 2.875
-1.265 1.265 3.105
-1.035 1.265 3.105
-1.725 1.495 2.875
-1.495 1.495 2.875
-1.725 1.725 2.875
-1.495 1.725 2.875
-1.495 1.495 3.105
-1.495 1.725 3.105
-1.265 1.495 2.875
-1.265 1.495 3.105
-1.725 1.035 3.335
-1.495 1.035 3.335
-1.495 1.265 3.335
-1.495 1.035 3.565
-1.265 1.035 3.335
-1.035 1.035 3.335
-1.035 1.265 3.335
-1.265 1.035 3.565
-1.495 1.725 3.335
-0.805 1.265 3.105
-0.575 1.265 3.105
-0.805 1.725 2.875
-0.575 1.725 2.875
-0.805 1.495 3.105
-0.575 1.495 3.105
-0.805 1.725 3.105
-0.575 1.725 3.105
-0.115 1.495 2.875
-0.115 1.495 3.105
-0.345 1.725 3.105
-0.115 1.725 3.105
-0.805 1.265 3.335
-0.575 1.265 3.335
-0.575 1.495 3.335
-0.115 1.495 3.335
-1.955 2.415 2.185
-1.955 1.955 2.645
-2.185 2.185 3.105
-2.415 2.645 2.875
-1.725 1.955 1.955
-1.725 1.955 2.185
-1.495 2.185 2.185
-1.265 1.955 1.955
-1.035 1.955 1.955
-1.725 2.645 1.955
-1.725 2.415 2.185
-1.495 2.415 2.185
-1.725 2.645 2.185
-1.495 2.645 2.185
-1.265 2.645 1.955
-1.035 2.645 1.955
-1.265 2.415 2.185
-1.265 2.645 2.185
-1.035 2.645 2.185
-1.725 1.955 2.415
-1.495 1.955 2.415
-1.725 2.185 2.415
-1.495 2.185 2.415
-1.725 1.955 2.645
-1.495 1.955 2.645
-1.265 1.955 2.415
-1.265 2.185 2.415
-1.035 2.185 2.415
-1.265 1.955 2.645
-1.035 1.955 2.645
-1.265 2.185 2.645
-1.035 2.185 2.645
-1.725 2.415 2.415
-1.495 2.415 2.415
-1.725 2.645 2.415
-1.495 2.415 2.645
-1.725 2.645 2.645
-1.265 2.415 2.415
-1.035 2.415 2.415
-1.265 2.645 2.415
-1.035 2.645 2.415
-0.575 1.955 1.955
-0.575 2.185 1.955
-0.345 1.955 2.185
-0.345 2.185 2.185
-0.805 1.955 2.645
-0.805 2.185 2.645
-0.115 1.955 2.415
-0.345 1.955 2.645
-0.345 2.185 2.645
-0.805 2.415 2.415
-0.575 2.415 2.415
-0.805 2.645 2.415
-0.575 2.645 2.415
-0.805 2.415 2.645
-0.575 2.415 2.645
-0.345 2.415 2.415
-0.345 2.645 2.415
-0.345 2.415 2.645
-1.265 2.875 1.955
-1.035 2.875 1.955
-1.265 2.875 2.185
-1.265 3.105 2.185
-1.725 2.875 2.415
-1.725 3.105 2.645
-0.805 3.105 1.955
-0.575 3.105 1.955
-0.575 2.875 2.185
-0.805 3.105 2.185
-0.575 3.105 2.185
-0.575 2.875 2.415
-0.575 2.875 2.645
-0.805 3.335 2.415
-0.805 3.565 2.415
-1.495 2.185 2.875
-1.495 2.185 3.105
-1.035 1.955 2.875
-1.495 2.415 2.875
-1.495 2.645 2.875
-1.495 2.645 3.105
-0.805 1.955 2.875
-0.575 2.185 2.875
-0.345 1.955 2.875
-0.115 1.955 2.875
-0.345 2.185 2.875
-0.115 2.185 2.875
-0.345 1.955 3.105
-0.115 1.955 3.105
-1.495 3.105 3.105
-1.035 3.335 2.875
-0.805 2.875 3.105
-2.185 0.805 4.485
-2.875 1.725 4.255
-1.955 1.265 3.795
-1.955 1.265 4.485
-1.495 0.805 3.795
-0.345 1.725 4.255
-1.495 0.575 4.715
-1.725 0.805 4.945
-0.805 1.035 5.175
-0.805 1.035 5.405
-3.105 2.645 3.795
-2.185 2.185 4.025
-2.875 3.105 3.795
-2.875 3.105 4.025
-2.185 3.105 3.795
-3.105 2.185 4.945
-3.335 2.875 5.175
-1.265 2.645 4.255
-1.495 2.185 4.945
-1.265 2.645 5.175
-1.725 3.335 4.945
-2.185 0.115 5.635
-3.335 1.265 6.785
-0.805 1.035 5.635
-2.875 1.955 6.785
-0.575 3.335 6.325
-0.575 3.335 7.015
-4.945 4.025 6.325
-2.415 4.025 4.255
-3.335 3.795 4.945
-4.485 1.495 9.775
-1.955 1.955 9.085
-1.725 3.565 7.475
-5.635 5.175 8.625
-4.945 4.485 7.935
-4.715 4.255 8.165
0.115 1.725 2.875
0.115 1.725 3.105
0.345 1.725 3.105
0.345 1.725 3.335
0.575 1.725 3.335
0.115 1.955 2.875
0.345 1.955 2.875
0.345 1.955 3.105
0.345 2.185 3.105
0.115 2.645 3.105
0.115 1.725 3.795
0.575 2.185 4.485
0.575 2.415 4.485
0.805 2.185 4.945
0.805 1.955 5.175
0.345 1.725 5.635
0.115 0.805 6.555
0.345 1.955 5.635
0.115 2.645 6.325
