-5.635 -4.945 3.335
-4.945 -4.255 3.105
-3.795 -2.645 1.955
-6.555 -0.345 3.565
-2.185 -0.575 1.265
-2.415 -0.345 1.265
-2.645 -0.115 1.265
-2.415 -0.115 1.265
-2.185 -0.345 1.035
-1.955 -0.115 1.035
-2.185 -0.345 1.265
-2.645 -0.575 1.495
-2.645 -0.575 1.725
-1.955 -0.805 1.495
-2.185 -0.575 1.495
-1.955 -0.575 1.495
-1.955 -0.805 1.725
-2.185 -0.575 1.725
-1.955 -0.575 1.725
-2.645 -0.345 1.495
-2.645 -0.345 1.725
-2.645 -0.115 1.495
-2.645 -0.115 1.725
-2.415 -0.345 1.495
-2.415 -0.345 1.725
-2.415 -0.115 1.495
-2.415 -0.115 1.725
-2.185 -0.345 1.495
-1.955 -0.345 1.495
-2.185 -0.345 1.725
-1.955 -0.115 1.725
-3.335 -2.185 1.955
-2.185 -1.035 1.955
-1.955 -1.035 1.955
-2.185 -1.035 2.185
-1.955 -1.035 2.185
-2.185 -1.495 2.415
-2.185 -1.265 2.415
-1.955 -1.265 2.415
-1.955 -1.035 2.415
-2.185 -1.265 2.645
-1.955 -1.265 2.645
-1.955 -1.035 2.645
-2.875 -0.345 1.955
-3.105 -0.115 1.955
-2.875 -0.345 2.185
-2.875 -0.115 2.185
-3.335 -0.115 2.645
-2.415 -0.805 1.955
-2.645 -0.575 1.955
-2.415 -0.575 1.955
-2.415 -0.805 2.185
-2.185 -0.805 1.955
-2.185 -0.805 2.185
-2.185 -0.575 1.955
-2.185 -0.575 2.185
-1.955 -0.805 1.955
-1.955 -0.805 2.185
-1.955 -0.575 1.955
-1.955 -0.575 2.185
-2.645 -0.345 1.955
-2.415 -0.345 1.955
-2.645 -0.115 1.955
-2.415 -0.115 1.955
-2.185 -0.115 1.955
-2.185 -0.345 2.185
-1.955 -0.345 2.185
-2.185 -0.115 2.185
-1.955 -0.115 2.185
-2.645 -0.805 2.415
-2.185 -0.805 2.415
-2.185 -0.575 2.415
-1.955 -0.575 2.415
-1.955 -0.575 2.645
-1.955 -0.345 2.415
-3.565 -0.575 2.875
-1.955 -0.575 2.875
-1.725 -1.035 1.955
-1.725 -1.035 2.185
-1.725 -1.265 2.415
-1.725 -1.035 2.415
-1.495 -1.035 2.415
-1.725 -1.265 2.645
-1.725 -1.035 2.645
-1.495 -1.035 2.645
-1.725 -0.805 1.955
-1.725 -0.345 2.185
-1.725 -0.115 2.185
-1.725 -0.805 2.415
-1.495 -0.805 2.415
-1.725 -0.575 2.415
-1.725 -0.805 2.645
-1.495 -0.575 2.645
-1.265 -0.575 2.415
-1.265 -0.805 2.645
-1.265 -0.575 2.645
-1.035 -0.575 2.645
-1.725 -0.345 2.415
-1.725 -0.115 2.415
-1.495 -0.115 2.415
-1.495 -0.345 2.645
-1.495 -0.115 2.645
-1.265 -0.345 2.645
-1.725 -1.265 2.875
-1.725 -1.495 3.565
-1.495 -0.805 2.875
-1.265 -0.805 2.875
-1.035 -0.805 2.875
-1.265 -0.575 2.875
-1.035 -0.575 2.875
-1.035 -0.805 3.105
-1.725 -0.115 3.565
-1.265 -0.115 3.335
-4.715 -5.175 7.015
-5.175 -0.115 4.945
-4.945 -0.115 4.945
-4.715 -0.115 4.945
-4.715 -0.575 5.175
-1.955 -2.645 4.485
-1.955 -2.645 4.715
-1.495 -2.645 4.945
-1.725 -0.345 4.485
-2.875 -3.565 6.325
-2.875 -1.955 8.855
-7.705 0.575 7.245
-7.015 0.115 3.335
-4.715 0.575 2.185
-3.795 0.115 2.185
-3.795 0.575 2.415
-2.875 0.115 1.265
-2.875 0.345 1.265
-2.875 0.115 1.495
-3.105 0.345 1.495
-2.875 0.345 1.495
-2.875 0.115 1.725
-2.875 0.345 1.725
-3.105 0.805 1.725
-2.645 0.115 1.265
-2.645 0.345 1.265
-1.955 0.115 1.035
-2.415 0.805 1.265
-2.185 0.575 1.035
-1.955 0.575 1.035
-2.185 0.575 1.265
-1.955 0.575 1.265
-2.645 0.115 1.495
-2.645 0.345 1.495
-2.645 0.115 1.725
-2.415 0.115 1.725
-2.415 0.345 1.725
-2.185 0.345 1.495
-2.645 0.575 1.495
-2.645 0.805 1.495
-2.415 0.805 1.495
-2.645 0.575 1.725
-2.415 0.575 1.725
-2.645 0.805 1.725
-2.415 0.805 1.725
-1.955 0.805 1.495
-2.185 0.575 1.725
-2.185 0.805 1.725
-1.955 1.035 1.265
-1.955 1.035 1.495
-2.185 1.035 1.725
-1.495 0.115 1.725
-1.495 0.345 1.725
-1.725 0.575 1.495
-1.725 0.805 1.725
-1.495 1.035 1.495
-1.725 1.035 1.725
-1.495 1.035 1.725
-3.335 0.575 1.955
-2.415 0.115 1.955
-2.415 0.345 1.955
-2.185 0.115 1.955
-2.185 0.345 1.955
-1.955 0.345 1.955
-2.185 0.115 2.185
-1.955 0.115 2.185
-2.185 0.345 2.185
-1.955 0.345 2.185
-2.415 0.805 1.955
-2.185 0.575 1.955
-1.955 0.575 1.955
-2.185 0.805 1.955
-1.955 0.805 1.955
-1.955 0.575 2.185
-1.955 0.805 2.185
-2.415 0.805 2.415
-1.955 0.575 2.415
-2.415 1.035 1.955
-2.645 1.035 2.185
-2.185 1.035 1.955
-1.955 1.035 1.955
-2.185 1.035 2.185
-1.955 1.035 2.185
-1.955 1.265 2.185
-2.415 1.035 2.415
-2.185 1.035 2.415
-3.335 0.115 3.105
-2.415 0.575 3.565
-1.495 0.115 1.955
-1.725 0.115 2.185
-1.725 0.345 2.185
-1.035 0.115 1.955
-1.265 0.115 2.185
-1.725 0.575 2.185
-1.495 0.575 2.185
-1.265 0.575 1.955
-1.725 0.115 2.415
-1.495 0.115 2.415
-1.725 0.345 2.415
-1.495 0.345 2.415
-1.495 0.115 2.645
-1.265 0.345 2.415
-1.265 0.115 2.645
-1.265 0.345 2.645
-1.725 0.575 2.415
-1.495 0.575 2.415
-1.725 0.805 2.415
-1.495 0.805 2.415
-1.495 0.575 2.645
-1.725 1.035 1.955
-1.495 1.035 2.185
-1.725 1.265 2.185
-1.495 1.265 2.185
-1.495 1.035 2.415
-1.495 1.265 2.415
-1.725 1.265 2.645
-5.635 0.345 6.555
-4.485 1.725 7.245
-2.415 0.345 4.025
-2.415 0.345 4.255
-2.415 0.805 4.485
-2.875 1.495 4.255
-2.415 1.035 3.795
-3.105 0.575 6.095
-4.715 1.495 8.855
