-0.345 -0.115 -0.575
-0.345 6.095 -5.635
-2.875 4.025 -4.715
-3.105 4.255 -4.945
-2.875 4.715 -4.025
-0.115 1.495 -2.185
-1.035 1.955 -2.875
-0.115 3.335 -3.565
-0.115 1.955 -1.955
-0.115 2.185 -1.955
-0.345 2.415 -2.185
-1.725 3.565 -2.415
-1.265 2.875 -1.955
-0.575 2.875 -2.645
-0.575 3.565 -2.185
-0.115 0.345 -1.265
-0.575 0.805 -1.035
-1.495 1.725 -1.035
-1.035 1.495 -1.265
-0.115 1.265 -1.495
-0.805 1.495 -1.495
-0.575 1.265 -1.265
-0.115 1.265 -1.035
-1.035 0.115 -0.575
-1.265 0.345 -0.575
-1.495 0.805 -0.805
-1.035 0.575 -0.575
-1.265 0.805 -0.575
-1.035 0.805 -0.575
-1.035 0.115 -0.345
-1.265 0.575 -0.345
-1.035 0.805 -0.345
-1.035 0.805 -0.115
-0.805 0.115 -0.575
-0.575 0.805 -0.805
-0.575 0.575 -0.575
-0.805 0.805 -0.575
-0.115 0.575 -0.805
-0.345 0.805 -0.575
-0.805 0.115 -0.345
-0.575 0.115 -0.345
-0.805 0.345 -0.345
-0.345 0.115 -0.345
-0.115 0.115 -0.345
-0.115 0.345 -0.115
-0.805 0.575 -0.345
-0.575 0.805 -0.345
-0.805 0.805 -0.115
-0.575 0.805 -0.115
-0.115 0.575 -0.345
-0.345 0.805 -0.345
-0.115 0.805 -0.345
-0.345 0.575 -0.115
-0.115 0.575 -0.115
-1.035 1.265 -0.345
-1.035 1.035 -0.115
-1.035 1.265 -0.115
-0.345 1.495 -0.575
-0.575 1.035 -0.345
-0.805 1.265 -0.345
-0.805 1.035 -0.115
-0.115 1.265 -0.345
-0.805 1.495 -0.115
-1.265 2.185 -1.265
-0.805 1.955 -1.495
-0.805 2.185 -1.495
-0.115 2.185 -1.495
-0.115 2.415 -1.495
-0.805 1.955 -1.265
-0.575 1.955 -1.265
-0.115 2.645 -1.035
-1.495 3.335 -1.495
-1.495 3.565 -1.495
-0.805 3.335 -1.495
-0.805 1.955 -0.575
-0.575 2.645 -0.805
-2.185 3.795 -3.335
-0.115 4.715 -2.645
-0.575 5.405 -2.645
-0.575 5.865 -2.875
-0.345 6.095 -3.105
-1.725 6.555 -2.415
0.115 0.345 -3.795
1.265 1.725 -4.485
0.115 4.255 -3.795
1.495 5.175 -4.255
2.415 5.405 -4.485
1.035 6.785 -4.945
2.645 5.865 -3.795
2.645 6.095 -4.025
0.805 1.265 -3.335
0.805 1.035 -3.105
0.805 1.035 -2.875
0.575 1.725 -1.955
1.265 2.185 -2.875
0.805 2.415 -2.645
0.575 1.955 -2.185
0.805 3.565 -2.185
1.265 3.565 -2.645
0.115 0.805 -1.035
0.345 1.495 -1.725
0.345 1.265 -0.805
0.345 1.265 -0.575
0.115 1.495 -0.805
0.115 1.035 -0.115
0.805 1.955 -1.265
0.805 2.185 -1.035
0.575 2.415 -1.265
0.805 4.255 -3.105
1.725 4.255 -2.875
1.495 4.715 -2.415
1.495 6.325 -3.565
-0.805 0.805 0.115
-0.805 1.035 0.115
-0.575 1.035 0.115
