-7.475 -0.115 6.555
-3.105 -1.955 1.725
-2.875 -1.495 1.725
-2.415 -1.035 1.265
-1.955 -1.035 1.265
-2.415 -1.035 1.725
-2.185 -1.035 1.495
-1.955 -1.035 1.495
-2.185 -1.265 1.725
-1.955 -1.265 1.725
-2.185 -1.035 1.725
-1.955 -1.035 1.725
-2.875 -0.115 1.495
-2.415 -0.575 1.265
-2.185 -0.575 1.035
-2.185 -0.805 1.265
-1.955 -0.805 1.265
-2.185 -0.575 1.265
-2.415 -0.345 1.265
-2.415 -0.115 1.265
-2.185 -0.345 1.265
-2.415 -0.805 1.495
-2.415 -0.575 1.495
-2.415 -0.805 1.725
-2.415 -0.575 1.725
-2.185 -0.805 1.495
-1.955 -0.805 1.495
-2.185 -0.575 1.495
-2.185 -0.805 1.725
-1.955 -0.805 1.725
-2.185 -0.575 1.725
-2.645 -0.345 1.495
-2.645 -0.345 1.725
-2.645 -0.115 1.495
-2.645 -0.115 1.725
-2.415 -0.345 1.495
-2.415 -0.345 1.725
-2.415 -0.115 1.495
-2.415 -0.115 1.725
-1.955 -0.345 1.495
-1.955 -0.115 1.495
-2.185 -0.345 1.725
-2.185 -0.115 1.725
-1.265 -0.115 1.035
-1.725 -0.575 1.495
-1.725 -0.345 1.725
-1.725 -0.115 1.725
-1.495 -0.115 1.725
-1.265 -0.345 1.495
-1.035 -0.115 1.495
-0.805 -0.575 1.725
-1.725 -2.875 3.335
-1.265 -2.415 3.335
-3.105 -1.035 2.645
-2.185 -1.495 1.955
-1.955 -1.495 1.955
-2.185 -1.265 1.955
-1.955 -1.265 1.955
-2.185 -1.035 1.955
-1.955 -1.035 1.955
-2.415 -1.725 2.415
-2.185 -1.495 2.415
-2.185 -1.265 2.415
-3.335 -0.345 2.415
-3.105 -0.115 2.415
-2.415 -0.805 1.955
-2.415 -0.575 1.955
-1.955 -0.805 1.955
-1.955 -0.575 1.955
-2.185 -0.805 2.185
-2.415 -0.115 1.955
-2.645 -0.115 2.185
-1.955 -0.345 1.955
-2.185 -0.115 1.955
-1.955 -0.115 1.955
-2.415 -0.115 2.645
-1.955 -0.345 2.415
-1.955 -1.495 2.875
-2.645 -1.035 2.875
-1.955 -1.265 2.875
-1.955 -0.805 3.105
-1.725 -1.265 1.955
-1.495 -1.265 1.955
-1.725 -1.035 1.955
-1.725 -1.265 2.185
-1.495 -1.265 2.185
-1.725 -1.035 2.185
-1.495 -1.035 2.185
-1.035 -1.265 2.185
-1.265 -1.035 2.185
-1.035 -1.035 2.185
-1.035 -1.265 2.415
-1.035 -1.035 2.415
-1.725 -0.805 1.955
-1.725 -0.575 1.955
-1.495 -0.575 1.955
-1.725 -0.805 2.185
-1.495 -0.575 2.185
-1.265 -0.805 2.185
-1.035 -0.805 2.185
-1.265 -0.575 2.185
-1.035 -0.575 2.185
-1.725 -0.345 1.955
-1.725 -0.115 1.955
-1.725 -0.345 2.185
-1.495 -0.345 2.185
-1.495 -0.115 2.185
-1.265 -0.115 1.955
-1.265 -0.345 2.185
-1.035 -0.345 2.185
-1.265 -0.115 2.185
-1.035 -0.115 2.185
-1.495 -0.805 2.415
-1.725 -0.575 2.645
-1.035 -0.805 2.415
-1.035 -0.575 2.415
-1.495 -0.115 2.645
-1.035 -0.345 2.415
-0.805 -0.575 2.415
-0.805 -0.345 2.415
-1.035 -1.725 3.105
-1.725 -1.725 3.565
-0.805 -4.485 6.325
-0.805 -4.715 6.785
-4.485 -0.805 6.325
-3.105 -3.105 4.025
-1.035 -1.955 3.795
-1.265 -0.805 3.795
-3.335 -1.725 7.015
-3.565 -2.185 7.935
-2.875 0.115 1.725
-2.875 0.345 1.725
-2.875 0.575 1.725
-2.185 0.345 1.265
-1.955 0.345 1.265
-2.645 0.115 1.495
-2.415 0.115 1.495
-2.645 0.345 1.495
-2.645 0.115 1.725
-2.415 0.115 1.725
-2.185 0.115 1.495
-1.955 0.115 1.495
-2.185 0.345 1.725
-2.415 0.575 1.725
-2.185 0.575 1.495
-2.185 0.575 1.725
-1.725 0.345 1.265
-1.035 0.115 1.265
-1.725 0.575 1.265
-1.495 0.575 1.265
-1.725 0.115 1.495
-1.725 0.345 1.495
-1.725 0.115 1.725
-1.725 0.345 1.725
-1.495 0.345 1.725
-1.265 0.345 1.495
-1.035 0.115 1.725
-1.725 0.575 1.495
-1.495 0.575 1.495
-1.725 0.575 1.725
-1.265 0.575 1.495
-2.875 0.345 1.955
-3.565 0.345 2.645
-2.415 0.115 1.955
-2.185 0.115 1.955
-1.955 0.115 1.955
-2.185 0.345 1.955
-1.955 0.345 1.955
-2.185 0.115 2.185
-1.955 0.345 2.185
-2.415 0.575 1.955
-2.185 0.575 1.955
-1.955 0.805 1.955
-2.415 0.575 2.645
-2.185 0.575 2.645
-2.875 0.115 3.565
-2.185 0.345 2.875
-1.955 0.805 3.565
-1.725 0.115 1.955
-1.725 0.345 1.955
-1.725 0.115 2.185
-1.495 0.115 2.185
-1.725 0.345 2.185
-1.495 0.345 2.185
-1.265 0.345 1.955
-1.265 0.115 2.185
-1.035 0.115 2.185
-1.035 0.345 2.185
-1.725 0.575 1.955
-1.725 0.805 1.955
-1.725 0.575 2.185
-1.495 0.575 2.185
-1.725 0.805 2.185
-1.495 0.805 2.185
-1.265 0.805 1.955
-1.265 0.805 2.185
-1.495 0.575 2.415
-1.495 0.805 2.415
-1.265 0.575 2.415
-1.265 0.805 2.415
-1.265 0.575 2.645
-1.495 0.345 2.875
-1.725 0.115 3.105
-1.495 0.115 3.105
-1.265 0.345 2.875
-1.725 0.805 3.565
-1.725 1.035 3.565
-1.955 0.115 4.255
-1.725 0.115 4.025
-1.495 0.345 4.025
-1.725 0.115 4.255
-1.725 1.035 3.795
-1.725 1.035 4.945
-2.875 0.805 7.015
-2.645 1.035 6.555
-2.645 1.035 7.015
-3.335 0.345 7.935
-3.565 0.805 8.395
