-0.115 0.805 0.575
-0.115 1.035 0.575
-0.115 0.575 1.265
-0.115 0.575 1.495
-0.115 0.805 1.495
-0.115 1.035 1.035
-0.115 1.265 1.035
-0.115 1.265 1.265
-0.115 1.265 1.495
-0.115 1.265 1.725
-0.115 1.495 1.495
-0.115 1.725 1.495
-0.115 1.495 1.725
-0.115 1.035 1.955
-0.115 1.265 1.955
-0.115 1.265 2.185
-0.115 1.495 1.955
-0.115 1.495 2.185
-0.115 1.725 2.185
0.345 0.345 0.575
0.345 0.345 0.805
0.575 0.345 0.805
0.805 0.345 0.805
0.115 0.575 0.805
0.805 0.805 0.575
0.575 0.575 0.805
0.805 0.575 0.805
0.575 0.805 0.805
0.805 0.805 0.805
1.035 0.345 0.805
1.035 0.575 0.575
1.265 0.575 0.575
1.265 0.805 0.575
1.035 0.575 0.805
1.265 0.575 0.805
1.035 0.805 0.805
1.265 0.805 0.805
0.115 1.035 0.805
0.345 1.035 0.805
0.115 1.265 0.805
0.345 1.265 0.805
0.575 1.035 0.575
0.575 1.035 0.805
0.805 1.035 0.805
0.575 1.265 0.805
0.805 1.265 0.805
0.115 1.495 0.805
0.345 1.495 0.805
0.115 1.725 0.805
0.575 1.495 0.805
1.035 1.035 0.805
0.805 0.345 1.035
0.345 0.575 1.035
0.115 0.805 1.035
0.345 0.805 1.265
0.805 0.805 1.265
0.115 0.345 1.725
0.345 0.345 1.725
0.345 0.575 1.495
0.115 0.805 1.495
0.345 0.805 1.725
0.805 0.575 1.495
0.805 0.805 1.495
0.575 0.805 1.725
0.805 0.805 1.725
1.265 0.345 1.035
1.035 0.345 1.265
1.265 0.345 1.265
1.495 0.345 1.265
1.265 0.575 1.035
1.035 0.575 1.265
1.265 0.575 1.265
1.035 0.805 1.265
1.495 0.575 1.265
1.035 0.345 1.495
1.265 0.345 1.725
1.495 0.345 1.495
1.495 0.345 1.725
1.725 0.345 1.725
1.035 0.575 1.495
1.265 0.575 1.495
1.035 0.805 1.495
1.495 0.575 1.495
0.345 1.265 1.035
0.345 1.035 1.265
0.115 1.265 1.265
0.345 1.265 1.265
0.575 1.035 1.035
0.805 1.035 1.035
0.575 1.265 1.035
0.805 1.265 1.035
0.805 1.035 1.265
0.575 1.265 1.265
0.115 1.495 1.035
0.345 1.495 1.035
0.115 1.725 1.035
0.345 1.725 1.035
0.345 1.495 1.265
0.115 1.265 1.495
0.345 1.265 1.495
0.115 1.265 1.725
0.345 1.265 1.725
0.575 1.035 1.495
0.805 1.035 1.495
0.575 1.265 1.495
0.115 1.495 1.495
0.345 1.495 1.495
0.115 1.725 1.495
0.345 1.725 1.495
0.115 1.495 1.725
1.035 1.035 1.035
1.035 1.035 1.265
1.035 1.725 1.035
1.955 1.035 0.575
1.955 0.805 1.035
2.185 0.805 1.035
2.185 1.035 1.495
3.105 1.725 1.495
0.805 2.185 0.575
1.035 2.185 1.035
1.725 1.955 1.265
1.725 2.185 1.265
1.265 2.185 1.725
1.725 2.185 1.725
3.105 2.185 1.725
1.955 3.105 1.495
0.115 0.805 1.955
0.345 0.805 1.955
0.345 0.575 2.185
0.805 0.575 1.955
0.575 0.805 1.955
0.805 0.805 1.955
0.805 0.575 2.185
0.575 0.805 2.185
0.805 0.805 2.185
0.805 0.345 2.415
0.805 0.345 2.645
0.575 0.575 2.415
0.805 0.575 2.415
0.805 0.805 2.415
0.575 0.575 2.645
0.805 0.575 2.645
1.265 0.115 1.955
1.035 0.345 1.955
1.265 0.345 1.955
1.035 0.115 2.185
1.265 0.115 2.185
1.035 0.345 2.185
1.265 0.345 2.185
1.495 0.345 1.955
1.035 0.575 1.955
1.035 0.805 1.955
1.035 0.115 2.415
1.035 0.345 2.415
1.035 0.115 2.645
1.035 0.345 2.645
1.495 0.115 2.415
1.725 0.345 2.645
1.035 0.805 2.415
0.115 1.035 1.955
0.115 1.035 2.185
0.115 1.265 1.955
0.115 1.265 2.185
0.345 1.035 1.955
0.345 1.035 2.185
0.345 1.265 1.955
0.345 1.265 2.185
0.575 1.035 1.955
0.575 1.265 1.955
0.575 1.035 2.185
0.115 1.495 1.955
0.345 1.495 1.955
0.575 1.495 2.185
0.805 1.035 2.415
0.805 1.035 2.645
1.035 1.035 1.955
1.495 1.035 2.185
1.265 1.725 2.415
1.495 1.035 3.105
1.955 0.115 2.645
2.185 0.575 2.415
2.875 0.345 2.185
3.105 0.115 2.415
2.185 0.345 3.105
2.415 0.345 3.335
1.955 3.335 1.955
4.025 1.495 1.725
5.175 3.105 1.725
3.795 1.725 2.185
4.485 1.495 1.955
4.255 1.725 2.185
3.795 1.495 3.335
4.255 3.795 2.645
4.715 4.025 2.645
5.405 5.865 2.875
1.725 2.415 3.795
2.415 1.955 4.255
2.645 1.955 4.485
2.875 1.955 4.485
1.955 2.415 4.715
2.875 1.955 4.715
3.565 1.955 5.635
3.795 1.725 5.175
