-0.115 -0.115 -0.345
-2.875 5.405 -3.795
-0.345 4.025 -4.715
-0.115 4.025 -4.715
-0.115 5.405 -5.175
-0.345 5.175 -4.945
-0.115 4.025 -4.485
-0.345 4.485 -4.255
-1.955 2.415 -2.875
-1.265 1.955 -2.645
-1.035 1.955 -2.415
-0.805 2.645 -2.415
-0.805 1.955 -2.185
-0.805 1.955 -1.955
-0.575 0.805 -1.265
-0.115 0.805 -1.265
-0.115 0.805 -1.035
-0.115 1.265 -1.725
-0.345 1.725 -1.725
-0.575 1.265 -1.035
-0.115 1.265 -1.265
-0.115 1.495 -1.265
-1.265 0.345 -0.575
-1.035 0.345 -0.575
-1.035 0.115 -0.345
-1.035 0.575 -0.345
-0.805 0.115 -0.575
-0.805 0.345 -0.575
-0.805 0.575 -0.805
-0.575 0.805 -0.575
-0.345 0.805 -0.805
-0.115 0.805 -0.805
-0.345 0.805 -0.575
-0.805 0.115 -0.345
-0.575 0.115 -0.345
-0.805 0.345 -0.345
-0.805 0.115 -0.115
-0.805 0.345 -0.115
-0.345 0.115 -0.345
-0.345 0.345 -0.345
-0.115 0.345 -0.345
-0.805 0.805 -0.115
-0.575 0.805 -0.115
-0.345 0.575 -0.345
-0.115 0.575 -0.345
-0.115 0.805 -0.345
-0.115 0.575 -0.115
-0.345 0.805 -0.115
-1.035 1.035 -0.805
-1.035 1.495 -0.575
-1.265 1.725 -0.575
-1.035 1.035 -0.345
-1.035 1.495 -0.345
-0.805 1.035 -0.805
-0.345 1.035 -0.805
-0.345 1.265 -0.805
-0.345 1.265 -0.575
-0.115 1.265 -0.575
-0.805 1.495 -0.805
-0.805 1.035 -0.345
-1.035 1.955 -1.725
-0.345 1.955 -1.725
-1.265 1.955 -0.805
-0.805 2.185 -0.805
-0.115 2.415 -0.805
-0.345 1.955 -0.345
-0.805 2.415 -0.345
-1.265 3.105 -0.805
-1.265 2.875 -0.575
-1.955 4.485 -3.335
-1.955 4.485 -3.105
-2.185 4.025 -2.645
-1.035 4.945 -3.565
-0.805 4.945 -3.335
-1.265 3.795 -1.955
-0.115 4.485 -1.955
-0.805 5.405 -1.495
-1.035 5.635 -1.495
0.805 1.265 -4.025
1.035 1.265 -4.025
0.115 3.105 -4.025
0.345 4.025 -5.175
2.645 4.025 -3.795
3.105 5.175 -4.255
0.115 1.725 -1.955
0.805 1.955 -2.185
0.575 2.185 -1.955
0.115 0.805 -1.495
0.115 1.035 -1.035
0.345 1.495 -1.265
0.345 0.805 -0.575
0.345 1.035 -0.805
0.115 1.035 -0.575
0.345 1.265 -0.575
0.345 1.495 -0.575
0.805 1.725 -0.575
0.345 1.955 -1.035
0.805 1.955 -1.035
0.345 2.645 -1.265
0.115 2.645 -1.035
1.265 2.415 -1.725
0.575 2.875 -1.725
0.345 3.105 -1.035
0.115 1.955 -0.805
0.345 1.955 -0.805
0.805 2.415 -0.805
0.115 5.865 -2.185
2.645 6.095 -3.335
-0.805 0.805 0.115
-0.575 0.805 0.115
-0.805 0.805 0.345
-0.805 1.035 0.115
-0.575 1.035 0.115
-0.575 1.265 0.115
-0.575 1.035 0.345
