-0.345 0.805 -0.115
-0.115 0.805 -0.115
-0.115 1.495 -0.805
-0.345 1.265 -0.345
-0.115 1.265 -0.345
-0.345 1.265 -0.115
-0.115 1.265 -0.115
-0.345 1.495 -0.345
-0.115 1.495 -0.345
-0.115 1.725 -0.345
-0.345 1.495 -0.115
-0.115 1.495 -0.115
2.415 2.645 -2.415
0.345 1.495 -1.035
0.345 1.725 -1.035
1.035 1.725 -1.725
1.265 1.495 -1.265
0.115 0.345 -0.115
0.575 0.345 -0.345
0.805 0.345 -0.115
0.345 0.575 -0.345
0.115 0.575 -0.115
0.345 0.805 -0.115
0.575 0.805 -0.115
0.805 0.805 -0.115
1.725 0.805 -0.575
1.495 0.805 -0.345
0.115 1.265 -0.345
0.345 1.265 -0.345
0.115 1.035 -0.115
0.345 1.035 -0.115
0.115 1.265 -0.115
0.345 1.265 -0.115
0.575 1.035 -0.345
0.575 1.035 -0.115
0.575 1.265 -0.345
0.575 1.265 -0.115
0.805 1.035 -0.345
0.805 1.035 -0.115
0.805 1.265 -0.345
0.805 1.265 -0.115
0.115 1.495 -0.345
0.345 1.495 -0.345
0.115 1.725 -0.345
0.345 1.725 -0.345
0.115 1.495 -0.115
0.345 1.495 -0.115
0.345 1.725 -0.115
0.805 1.495 -0.345
0.575 1.495 -0.115
0.805 1.495 -0.115
0.575 1.725 -0.115
0.805 1.725 -0.115
1.495 1.725 -0.575
1.035 1.035 -0.345
1.265 1.035 -0.345
1.035 1.035 -0.115
1.035 1.265 -0.115
1.035 1.495 -0.345
1.035 1.495 -0.115
1.035 1.725 -0.115
2.645 1.725 -1.265
2.875 1.725 -1.495
2.415 1.265 -0.805
2.185 1.725 -0.115
1.265 2.185 -1.035
0.805 2.415 -0.115
0.805 3.105 -0.575
2.875 1.955 -1.495
2.185 1.955 -0.115
3.565 3.105 -0.115
4.025 1.725 -2.415
4.485 1.265 -1.955
4.485 1.495 -1.955
5.175 2.415 -2.645
4.025 1.265 -1.725
4.025 3.565 -0.345
2.415 4.715 -3.105
3.335 3.795 -2.645
3.335 4.025 -2.645
1.265 3.795 -0.575
1.955 4.025 -1.035
2.185 4.485 -0.805
4.945 3.795 -0.575
4.715 7.015 -1.495
3.565 7.705 -2.645
3.335 7.935 -2.415
-0.115 0.575 0.345
-0.345 0.805 0.345
-0.115 0.805 0.345
-0.345 0.805 0.575
-0.115 0.805 0.575
-0.115 1.265 0.115
-0.345 1.495 0.115
-0.115 1.495 0.115
-0.115 1.495 0.345
-0.115 1.725 0.345
-0.115 1.265 0.805
0.115 0.115 0.115
0.115 0.345 0.115
0.345 0.345 0.345
0.575 0.345 0.115
0.805 0.345 0.115
0.805 0.345 0.345
0.345 0.575 0.345
0.575 0.575 0.115
0.575 0.575 0.345
0.575 0.805 0.115
0.575 0.805 0.345
0.805 0.575 0.115
0.805 0.575 0.345
0.805 0.805 0.115
0.805 0.805 0.345
0.575 0.345 0.575
0.805 0.345 0.575
0.115 0.575 0.575
0.345 0.805 0.575
0.345 0.575 0.805
0.115 0.805 0.805
0.345 0.805 0.805
0.575 0.575 0.575
0.805 0.575 0.575
0.575 0.805 0.575
0.805 0.805 0.575
0.575 0.575 0.805
0.575 0.805 0.805
0.805 0.805 0.805
1.035 0.575 0.115
1.035 0.805 0.115
1.035 0.805 0.345
1.035 0.805 0.575
1.035 0.575 0.805
0.345 1.265 0.115
0.345 1.265 0.345
0.805 1.035 0.115
0.575 1.265 0.115
0.805 1.265 0.115
0.575 1.035 0.345
0.575 1.265 0.345
0.115 1.495 0.115
0.345 1.495 0.115
0.115 1.495 0.345
0.115 1.725 0.345
0.575 1.495 0.115
0.805 1.495 0.115
0.575 1.725 0.115
0.575 1.495 0.345
0.345 1.035 0.575
0.345 1.035 0.805
0.115 1.265 0.805
0.345 1.265 0.805
0.805 1.035 0.575
0.575 1.265 0.575
0.575 1.035 0.805
0.575 1.265 0.805
0.805 1.265 0.805
0.115 1.725 0.575
0.345 1.725 0.575
0.115 1.495 0.805
0.345 1.495 0.805
0.115 1.725 0.805
0.345 1.725 0.805
0.575 1.495 0.575
0.575 1.725 0.575
0.805 1.725 0.575
0.575 1.495 0.805
0.575 1.725 0.805
0.805 1.725 0.805
1.035 1.035 0.115
1.265 1.035 0.345
1.035 1.265 0.345
1.035 1.495 0.115
1.265 1.725 0.345
1.265 1.035 0.805
1.495 1.265 0.575
1.495 1.035 0.805
1.725 1.035 0.805
0.345 0.805 1.035
0.575 0.575 1.035
0.805 0.575 1.035
0.575 0.805 1.035
0.805 0.805 1.035
0.575 1.035 1.035
0.805 1.035 1.035
0.345 1.495 1.035
0.575 1.495 1.035
0.805 1.495 1.035
0.575 1.725 1.035
0.805 1.725 1.035
1.265 1.035 1.035
1.035 1.725 1.035
0.805 2.185 0.115
0.345 2.645 0.345
0.115 1.955 0.575
0.345 1.955 0.575
0.115 1.955 0.805
0.345 1.955 0.805
0.345 2.185 0.805
0.805 1.955 0.805
1.035 2.415 0.575
0.115 1.955 1.035
0.345 1.955 1.035
0.345 2.185 1.035
0.575 1.955 1.035
0.805 1.955 1.035
0.805 2.185 1.035
0.575 2.415 1.035
1.265 2.185 1.265
3.105 2.415 0.805
6.325 3.335 0.115
1.955 4.025 1.265
4.025 7.245 1.495
