-0.115 -1.035 0.345
-0.575 -1.265 0.805
-0.575 -1.035 0.805
-0.345 -1.035 0.575
-0.345 -1.265 0.805
-0.345 -1.035 0.805
-0.575 -0.805 0.345
-0.575 -0.575 0.345
-0.345 -0.805 0.345
-0.115 -0.805 0.345
-0.115 -0.805 0.575
-0.345 -0.575 0.575
-0.115 -0.805 0.805
-0.345 -0.575 0.805
-0.345 -0.345 0.575
-0.115 -1.495 1.035
-0.115 -1.495 1.265
-0.575 -1.265 1.035
-0.575 -1.035 1.035
-0.575 -1.265 1.265
-0.575 -1.035 1.265
-0.345 -1.265 1.035
-0.115 -1.265 1.035
-0.345 -1.035 1.035
-0.345 -1.265 1.265
-0.115 -1.265 1.265
-0.115 -1.035 1.265
-0.575 -1.265 1.495
-0.345 -1.035 1.495
-0.575 -0.805 1.035
-0.575 -0.575 1.035
-0.575 -0.805 1.265
-0.575 -0.575 1.265
-0.345 -0.805 1.035
-0.345 -0.805 1.265
-0.115 -0.805 1.265
-0.345 -0.575 1.265
-0.115 -0.575 1.265
-0.575 -0.345 1.265
-0.345 -0.805 1.495
-0.575 -0.345 1.495
-0.805 -0.115 1.495
0.115 -1.035 0.575
0.345 -1.035 0.575
0.345 -1.265 0.805
0.575 -1.035 0.575
0.115 -0.805 0.575
0.115 -0.575 0.575
0.345 -0.805 0.805
0.575 -0.805 0.575
0.575 -0.575 0.575
0.575 -0.345 0.805
0.575 -0.115 0.805
0.805 -0.115 0.805
0.115 -1.495 1.035
0.345 -1.495 1.035
0.115 -1.495 1.265
0.345 -1.495 1.265
0.575 -1.495 1.035
0.115 -1.265 1.035
0.345 -1.265 1.035
0.115 -1.265 1.265
0.345 -1.265 1.265
0.115 -1.035 1.265
0.345 -1.035 1.265
0.575 -1.265 1.035
0.575 -1.035 1.035
0.575 -1.265 1.265
0.575 -1.035 1.265
0.115 -1.265 1.495
0.115 -1.035 1.725
0.115 -0.805 1.035
0.115 -0.805 1.265
0.345 -0.805 1.265
0.345 -0.575 1.265
0.805 -0.575 1.035
0.575 -0.805 1.265
0.805 -0.805 1.265
0.575 -0.115 1.035
0.805 -0.115 1.265
0.345 -0.575 1.495
0.345 -0.805 1.725
0.575 -0.575 1.495
0.575 -0.345 1.495
0.805 -0.115 1.725
1.035 -0.575 1.725
0.115 -0.805 1.955
0.805 -0.345 2.185
0.805 -0.115 2.415
-1.035 0.345 2.185
-0.115 0.345 2.185
-0.805 0.575 2.185
-0.115 0.575 2.415
-0.115 1.955 3.795
-0.575 2.415 4.255
-1.495 4.485 7.245
0.115 0.115 0.575
0.575 0.345 0.805
1.725 0.575 1.035
1.955 1.035 1.265
3.335 3.565 1.725
0.115 0.115 1.955
0.805 0.115 1.955
0.805 0.115 2.645
2.185 0.805 3.105
1.955 6.325 2.415
4.025 4.255 2.415
4.025 4.945 1.955
1.265 1.035 3.795
1.265 1.265 4.025
1.955 2.875 5.635
2.645 3.565 7.705
