-6.095 -0.115 3.565
-3.795 -0.805 2.185
-2.875 -1.035 1.725
-2.185 -0.345 1.265
-1.955 -0.345 1.265
-2.185 -0.115 1.265
-1.955 -0.575 1.495
-1.955 -0.575 1.725
-2.415 -0.345 1.495
-2.415 -0.115 1.495
-2.645 -0.115 1.725
-2.415 -0.115 1.725
-2.185 -0.345 1.495
-1.955 -0.345 1.495
-2.185 -0.115 1.495
-2.185 -0.345 1.725
-1.955 -0.345 1.725
-2.185 -0.115 1.725
-2.875 -1.725 2.415
-1.955 -1.035 2.645
-2.415 -0.575 2.185
-2.185 -0.575 1.955
-1.955 -0.575 1.955
-2.185 -0.805 2.185
-1.955 -0.805 2.185
-2.185 -0.575 2.185
-1.955 -0.575 2.185
-2.645 -0.345 1.955
-2.415 -0.345 1.955
-2.645 -0.115 1.955
-2.415 -0.115 1.955
-2.645 -0.345 2.185
-2.415 -0.345 2.185
-2.415 -0.115 2.185
-2.185 -0.345 1.955
-1.955 -0.345 1.955
-2.185 -0.115 1.955
-2.185 -0.345 2.185
-2.185 -0.115 2.185
-1.955 -0.115 2.185
-2.415 -0.575 2.415
-1.955 -0.805 2.415
-2.185 -0.575 2.415
-1.955 -0.575 2.415
-1.955 -0.345 2.415
-1.955 -0.115 2.415
-1.955 -0.345 2.645
-2.875 -1.265 3.565
-2.645 -1.265 2.875
-2.185 -1.495 3.335
-2.185 -0.805 2.875
-2.185 -0.115 2.875
-2.185 -0.805 3.335
-1.955 -0.345 3.335
-1.725 -1.035 2.645
-1.725 -0.575 1.955
-1.725 -0.115 1.955
-1.725 -0.805 2.415
-1.725 -0.575 2.415
-1.725 -0.805 2.645
-1.495 -0.805 2.645
-1.725 -0.575 2.645
-1.495 -0.575 2.645
-1.265 -0.575 2.645
-1.725 -0.345 2.415
-1.725 -0.345 2.645
-1.495 -0.345 2.645
-1.495 -0.115 2.645
-1.265 -0.345 2.645
-1.265 -0.115 2.645
-1.495 -1.035 2.875
-1.495 -1.035 3.105
-1.495 -1.265 3.565
-1.495 -0.805 2.875
-1.035 -0.575 2.875
-1.265 -0.575 3.105
-1.035 -0.575 3.105
-1.495 -0.115 2.875
-1.265 -0.345 2.875
-1.035 -0.345 2.875
-1.265 -0.115 2.875
-1.265 -0.345 3.105
-1.035 -0.345 3.105
-0.805 -0.345 3.565
-0.805 -0.115 3.565
-5.865 -2.415 5.405
-4.025 -1.035 4.025
-4.025 -1.265 4.255
-3.795 -0.575 4.715
-4.025 -0.805 5.175
-5.865 -2.645 5.635
-2.875 -2.185 5.405
-2.645 -0.115 5.405
-1.495 -1.495 4.025
-1.035 -0.345 4.025
-1.725 -0.575 4.255
-0.805 -0.345 3.795
-1.035 -1.725 5.405
-0.575 -1.495 4.945
-0.805 -1.035 4.715
-1.265 -0.575 4.715
-1.265 -0.345 4.715
-0.805 -1.955 6.095
-2.875 -0.115 5.635
-4.255 1.035 2.875
-3.105 0.345 1.495
-2.875 0.345 1.495
-2.875 0.115 1.725
-2.875 0.345 1.725
-2.875 0.805 1.495
-2.415 0.115 1.265
-2.185 0.115 1.265
-2.185 0.345 1.265
-1.955 0.805 1.265
-2.645 0.115 1.495
-2.645 0.115 1.725
-2.645 0.345 1.495
-2.645 0.345 1.725
-2.415 0.115 1.495
-2.415 0.115 1.725
-2.415 0.345 1.495
-2.415 0.345 1.725
-2.185 0.115 1.495
-2.645 0.805 1.495
-2.415 0.575 1.725
-2.645 0.805 1.725
-2.415 0.805 1.725
-3.105 1.035 1.725
-2.645 1.035 1.495
-2.415 1.035 1.495
-2.645 1.035 1.725
-2.645 1.265 1.725
-2.415 1.265 1.725
-2.185 1.035 1.725
-1.955 1.265 1.725
-1.725 0.115 1.035
-1.495 0.575 1.265
-1.725 0.805 1.265
-1.725 0.115 1.495
-1.725 0.115 1.725
-1.725 0.345 1.725
-1.265 0.345 1.725
-1.265 0.575 1.495
-1.725 1.035 1.265
-1.495 1.265 1.495
-1.725 1.265 1.725
-1.495 1.265 1.725
-2.875 0.345 1.955
-3.105 0.115 2.185
-2.875 0.345 2.185
-3.565 0.345 2.645
-2.415 0.115 1.955
-2.645 0.345 1.955
-2.415 0.345 1.955
-2.415 0.115 2.185
-2.185 0.345 1.955
-2.185 0.115 2.185
-1.955 0.115 2.185
-2.185 0.345 2.185
-1.955 0.345 2.185
-2.415 0.575 1.955
-2.415 0.805 1.955
-2.185 0.575 1.955
-2.185 0.805 1.955
-1.955 0.805 1.955
-1.955 0.575 2.185
-2.185 0.805 2.185
-1.955 0.805 2.185
-2.415 0.345 2.415
-1.955 0.115 2.415
-2.185 0.345 2.415
-1.955 0.345 2.415
-2.415 0.575 2.415
-2.185 0.575 2.415
-2.185 1.035 1.955
-1.955 1.035 1.955
-2.185 1.265 1.955
-1.955 1.265 1.955
-1.955 1.035 2.185
-2.185 1.265 2.185
-2.185 1.035 2.415
-1.955 1.265 2.415
-1.955 1.495 2.415
-3.565 0.345 3.565
-2.645 0.345 3.105
-1.955 0.805 2.875
-3.105 1.035 2.875
-2.645 1.035 3.335
-2.415 1.495 3.335
-1.495 0.115 2.185
-1.725 0.345 2.185
-1.265 0.345 1.955
-1.725 0.805 1.955
-1.725 0.575 2.185
-1.725 0.805 2.185
-1.495 0.805 2.185
-1.495 0.115 2.415
-1.725 0.345 2.415
-1.495 0.345 2.415
-1.495 0.115 2.645
-1.725 0.345 2.645
-1.495 0.345 2.645
-1.265 0.115 2.415
-1.265 0.345 2.415
-1.265 0.115 2.645
-1.725 0.575 2.415
-1.495 0.575 2.415
-1.725 0.805 2.415
-1.495 0.805 2.415
-1.495 0.575 2.645
-1.495 0.805 2.645
-1.265 0.575 2.415
-1.265 0.805 2.415
-1.265 0.575 2.645
-1.035 0.575 2.645
-1.265 0.805 2.645
-0.805 0.115 2.645
-1.725 1.035 2.185
-1.725 1.265 2.185
-1.495 1.265 2.185
-1.265 1.265 1.955
-1.725 1.495 2.185
-1.495 1.495 2.185
-1.725 1.035 2.415
-1.495 1.035 2.415
-1.725 1.265 2.415
-1.495 1.265 2.415
-1.265 1.035 2.415
-1.265 1.035 2.645
-1.725 1.495 2.415
-1.495 1.495 2.415
-1.035 0.345 2.875
-1.265 0.575 2.875
-1.035 0.575 2.875
-4.945 0.805 4.255
-4.485 0.345 3.795
-3.795 0.345 4.255
-4.945 1.035 4.485
-4.255 1.035 4.255
-3.795 1.035 5.865
-3.565 0.345 4.025
-3.565 0.575 3.795
-3.565 0.575 4.025
-2.645 1.035 3.795
-4.255 1.955 7.935
