-0.345 -0.115 1.265
-0.805 -0.115 1.725
-0.345 -0.115 1.725
-0.805 -1.035 2.645
-0.575 -1.035 2.645
-0.345 -1.035 2.645
-1.035 -0.115 2.645
-0.115 -0.575 2.185
-0.575 -0.345 2.185
-0.345 -0.345 1.955
-0.345 -0.115 1.955
-0.115 -0.345 2.185
-0.115 -0.115 2.185
-0.805 -0.805 2.415
-0.575 -0.575 2.415
-0.805 -0.805 2.645
-0.575 -0.805 2.645
-0.805 -0.575 2.645
-0.575 -0.575 2.645
-0.345 -0.805 2.415
-0.345 -0.575 2.415
-0.115 -0.575 2.415
-0.345 -0.805 2.645
-0.345 -0.575 2.645
-0.575 -0.345 2.415
-0.805 -0.115 2.415
-0.575 -0.115 2.415
-0.805 -0.345 2.645
-0.575 -0.345 2.645
-0.805 -0.115 2.645
-0.575 -0.115 2.645
-0.345 -0.345 2.415
-0.115 -0.345 2.415
-0.345 -0.115 2.415
-0.115 -0.115 2.415
-1.035 -0.575 2.875
-1.035 -0.115 2.875
-0.805 -0.805 2.875
-0.805 -0.575 2.875
-0.805 -0.345 2.875
-0.115 -0.345 3.105
-0.115 -1.955 4.255
-0.575 -2.645 4.945
-0.115 -1.265 4.025
-0.115 -0.575 4.255
-0.805 -1.265 4.715
-1.265 -0.115 5.175
-1.265 -0.115 5.405
-1.035 -0.575 5.865
-0.805 -0.575 6.095
-0.115 -0.575 8.395
-0.345 -0.805 9.545
0.575 -0.345 1.725
0.345 -0.575 1.955
0.115 -0.575 2.185
0.345 -0.575 2.185
0.345 -0.345 1.955
0.115 -0.115 1.955
0.345 -0.115 1.955
0.345 -0.345 2.185
0.115 -0.115 2.185
0.575 -0.345 1.955
0.575 -0.115 1.955
0.115 -0.345 2.645
1.035 -0.345 2.645
0.115 -0.575 2.875
0.115 -0.805 3.105
0.115 -0.345 3.565
0.115 -1.265 3.795
0.805 -1.035 3.795
1.265 -1.265 3.795
1.265 -1.035 4.485
1.035 -1.495 6.095
-0.115 0.575 1.265
-0.575 0.115 1.725
-0.345 0.115 1.495
-0.115 0.115 1.495
-0.345 0.345 1.495
-0.115 0.345 1.495
-0.345 0.345 1.725
-0.115 0.345 1.725
-0.575 0.805 1.495
-0.805 0.575 1.725
-0.805 0.805 1.725
-0.575 0.805 1.725
-0.345 0.805 1.495
-0.345 0.575 1.725
-0.115 0.805 1.725
-0.345 1.035 1.495
-0.115 1.035 1.725
-1.035 0.115 1.955
-1.035 0.345 1.955
-1.035 0.575 1.955
-1.035 0.345 2.415
-1.035 0.115 2.645
-1.265 0.345 2.645
-1.035 0.345 2.645
-1.035 0.575 2.415
-1.035 0.805 2.415
-1.265 0.575 2.645
-1.035 0.575 2.645
-1.265 0.805 2.645
-1.035 0.805 2.645
-0.575 0.115 1.955
-0.575 0.115 2.185
-0.805 0.345 2.185
-0.575 0.345 2.185
-0.115 0.345 1.955
-0.345 0.115 2.185
-0.115 0.115 2.185
-0.345 0.345 2.185
-0.115 0.345 2.185
-0.575 0.575 1.955
-0.575 0.805 1.955
-0.575 0.575 2.185
-0.575 0.805 2.185
-0.345 0.575 1.955
-0.345 0.575 2.185
-0.345 0.805 1.955
-0.345 0.805 2.185
-0.115 0.575 1.955
-0.115 0.575 2.185
-0.115 0.805 1.955
-0.115 0.805 2.185
-0.805 0.115 2.415
-0.575 0.115 2.415
-0.805 0.345 2.415
-0.575 0.345 2.415
-0.805 0.115 2.645
-0.805 0.345 2.645
-0.345 0.115 2.415
-0.115 0.115 2.415
-0.345 0.345 2.415
-0.115 0.345 2.645
-0.805 0.575 2.415
-0.575 0.575 2.415
-0.805 0.805 2.415
-0.575 0.805 2.415
-0.805 0.575 2.645
-0.345 0.575 2.415
-0.345 0.805 2.415
-0.115 0.805 2.415
-0.575 1.035 2.185
-0.345 1.035 1.955
-0.345 1.035 2.185
-0.805 1.035 2.415
-0.575 1.035 2.415
-1.035 0.115 2.875
-1.265 0.575 2.875
-0.805 0.115 2.875
-0.575 0.575 3.335
-0.805 1.035 2.875
-1.265 0.805 3.795
-0.805 0.805 3.795
-0.115 0.575 4.945
-0.115 0.575 5.175
-1.035 0.345 8.855
-0.575 1.495 8.625
0.115 0.115 1.725
0.345 0.345 1.725
0.575 0.115 1.725
0.575 0.345 1.725
0.345 0.575 1.725
0.115 0.805 1.725
0.115 1.035 1.725
0.115 1.265 1.725
0.115 0.115 1.955
0.115 0.345 1.955
0.345 0.345 1.955
0.115 0.115 2.185
0.115 0.345 2.185
0.575 0.115 1.955
0.575 0.345 1.955
0.115 0.575 1.955
0.345 0.575 1.955
0.115 0.805 1.955
0.115 0.575 2.185
0.115 0.805 2.185
0.115 0.345 2.645
0.115 0.805 2.415
1.035 0.115 2.185
0.115 1.265 1.955
0.575 1.495 2.415
0.115 1.495 3.795
