0.805 0.345 -0.115
0.805 0.575 -0.115
0.805 0.805 -0.115
1.035 0.345 -0.115
1.035 0.575 -0.115
1.035 0.805 -0.115
0.345 1.265 -0.115
0.575 1.035 -0.115
0.805 1.035 -0.115
0.575 1.265 -0.115
0.805 1.265 -0.115
0.115 1.495 -0.115
0.345 1.495 -0.115
0.575 1.495 -0.115
1.035 1.035 -0.115
1.265 1.035 -0.115
1.725 2.185 -0.115
6.555 3.105 -2.875
4.255 1.495 -0.345
3.335 6.325 -2.415
2.185 4.485 -0.805
3.565 4.025 -0.575
2.415 4.945 -0.805
4.715 4.255 -1.725
7.705 2.875 -0.575
-0.345 0.805 0.345
-0.115 0.805 0.345
-0.115 1.265 0.115
-0.115 1.495 0.115
-0.115 1.035 0.575
-0.115 1.265 0.575
-0.115 1.035 0.805
-0.115 1.495 0.575
-0.115 1.265 1.035
0.575 0.345 0.115
0.805 0.345 0.115
0.575 0.345 0.345
0.805 0.345 0.345
0.805 0.575 0.115
0.805 0.805 0.115
0.575 0.575 0.345
0.805 0.575 0.345
0.575 0.805 0.345
0.805 0.805 0.345
0.115 0.345 0.575
0.345 0.345 0.805
0.575 0.345 0.575
0.805 0.345 0.575
0.575 0.345 0.805
0.345 0.805 0.575
0.575 0.575 0.575
0.805 0.575 0.575
0.575 0.805 0.575
0.575 0.575 0.805
0.805 0.805 0.805
1.035 0.345 0.115
1.035 0.575 0.115
1.035 0.805 0.115
1.265 0.805 0.115
1.265 0.575 0.345
1.725 0.805 0.345
0.345 1.035 0.115
0.115 1.265 0.115
0.345 1.265 0.115
0.345 1.265 0.345
0.575 1.035 0.115
0.805 1.035 0.115
0.575 1.265 0.115
0.805 1.265 0.115
0.805 1.035 0.345
0.345 1.725 0.345
0.805 1.495 0.345
0.575 1.725 0.345
0.115 1.265 0.575
0.345 1.265 0.575
0.575 1.035 0.575
0.805 1.035 0.575
0.575 1.265 0.575
0.805 1.035 0.805
0.575 1.265 0.805
0.805 1.265 0.805
0.115 1.495 0.575
0.345 1.495 0.575
0.115 1.725 0.575
0.345 1.725 0.575
0.115 1.495 0.805
0.345 1.495 0.805
0.575 1.495 0.575
0.575 1.495 0.805
0.805 1.495 0.805
0.575 1.725 0.805
1.035 1.035 0.115
1.265 1.035 0.115
1.035 1.265 0.115
1.265 1.035 0.345
1.265 1.265 0.345
1.495 1.035 0.115
1.495 1.495 0.345
1.035 1.035 0.575
1.035 1.035 0.805
1.265 1.035 0.805
1.035 1.265 0.805
1.725 1.495 0.805
0.345 0.345 1.035
0.115 0.345 1.265
0.575 0.345 1.035
0.805 0.345 1.035
0.805 0.345 1.265
0.115 0.575 1.035
0.115 0.805 1.035
0.345 0.805 1.035
0.115 0.575 1.265
0.575 0.575 1.035
0.805 0.575 1.035
0.805 0.805 1.035
0.575 0.575 1.265
0.805 0.805 1.265
1.035 0.575 1.035
1.035 0.805 1.035
1.035 0.805 1.265
1.035 0.345 1.495
1.725 0.345 1.495
1.035 0.575 1.495
1.725 0.575 1.495
1.495 0.805 1.495
0.115 1.035 1.035
0.345 1.035 1.035
0.345 1.265 1.035
0.115 1.265 1.265
0.575 1.035 1.035
0.575 1.265 1.035
0.575 1.265 1.265
0.805 1.265 1.265
0.115 1.495 1.035
0.345 1.495 1.035
0.115 1.725 1.035
0.115 1.495 1.265
0.345 1.495 1.265
0.115 1.725 1.265
0.575 1.495 1.035
0.575 1.495 1.265
0.805 1.495 1.265
0.345 1.035 1.495
0.805 1.265 1.495
0.115 1.725 1.495
0.345 1.725 1.725
1.035 1.035 1.265
1.265 1.035 1.265
1.035 1.265 1.265
1.265 1.265 1.265
1.265 1.035 1.495
1.035 1.265 1.495
1.265 1.265 1.495
1.035 1.035 1.725
1.265 1.035 1.725
1.035 1.265 1.725
1.265 1.495 1.495
1.955 0.575 0.805
3.105 0.575 0.115
3.335 0.805 0.575
2.875 1.265 0.575
2.645 0.575 1.725
2.185 1.725 1.035
2.185 1.725 1.265
0.345 1.955 0.345
0.345 2.185 0.345
0.345 1.955 0.805
1.265 2.185 0.115
1.495 2.415 0.805
0.805 1.955 1.725
0.805 2.645 1.725
1.265 3.335 1.035
3.105 2.185 0.115
1.955 3.335 0.805
2.415 1.955 1.265
2.415 2.415 1.265
1.955 2.645 1.495
1.035 1.265 1.955
1.495 1.725 1.955
1.495 2.415 1.955
1.495 2.645 1.955
3.565 2.185 2.645
2.185 2.875 2.875
2.415 2.875 2.875
2.415 3.105 2.875
5.175 1.725 0.345
4.025 1.035 2.185
3.795 1.035 2.875
4.025 2.185 2.185
4.255 1.955 2.185
5.175 1.955 2.415
5.405 2.185 2.415
4.715 2.875 3.105
6.555 2.645 3.335
7.245 2.415 3.565
2.645 3.795 1.035
2.875 4.025 1.035
3.105 4.025 3.335
4.715 5.405 1.035
4.485 4.945 1.955
4.715 5.175 1.955
5.175 3.795 3.335
5.865 6.555 3.795
