-0.575 -0.115 1.495
-0.805 -0.345 1.725
-0.115 -0.345 1.725
-0.345 -0.115 1.725
-1.035 -1.035 2.415
-1.265 -1.265 2.645
-1.035 -1.265 2.645
-1.265 -1.035 2.645
-1.035 -1.035 2.645
-0.805 -1.035 2.415
-0.575 -1.035 2.415
-0.805 -1.035 2.645
-0.575 -1.035 2.645
-1.035 -0.575 1.955
-1.265 -0.575 2.185
-1.035 -0.345 1.955
-1.035 -0.805 2.415
-1.265 -0.575 2.415
-1.035 -0.575 2.415
-1.265 -0.805 2.645
-1.035 -0.805 2.645
-1.035 -0.575 2.645
-1.035 -0.345 2.415
-1.265 -0.115 2.415
-1.035 -0.115 2.415
-1.265 -0.345 2.645
-1.035 -0.345 2.645
-1.265 -0.115 2.645
-1.035 -0.115 2.645
-0.805 -0.575 2.185
-0.575 -0.575 2.185
-0.115 -0.805 1.955
-0.345 -0.805 2.185
-0.115 -0.805 2.185
-0.345 -0.575 2.185
-0.115 -0.575 2.185
-0.805 -0.115 1.955
-0.575 -0.115 1.955
-0.805 -0.345 2.185
-0.575 -0.345 2.185
-0.575 -0.115 2.185
-0.115 -0.115 1.955
-0.345 -0.345 2.185
-0.345 -0.115 2.185
-0.115 -0.115 2.185
-0.805 -0.805 2.415
-0.575 -0.805 2.415
-0.805 -0.575 2.415
-0.575 -0.575 2.415
-0.805 -0.805 2.645
-0.345 -0.805 2.415
-0.115 -0.805 2.415
-0.345 -0.575 2.415
-0.345 -0.575 2.645
-0.805 -0.345 2.415
-0.805 -0.115 2.415
-0.345 -0.345 2.415
-0.345 -0.115 2.415
-1.265 -1.265 2.875
-1.035 -1.265 2.875
-0.805 -1.725 3.105
-0.575 -1.265 3.565
-1.035 -0.345 2.875
-1.035 -0.345 3.105
-1.265 -0.115 3.105
-0.805 -0.575 3.105
-0.345 -0.805 3.335
-0.345 -0.575 3.335
-0.805 -1.495 3.795
-0.805 -1.725 4.025
-0.345 -1.035 4.255
-1.035 -0.805 5.175
-0.115 -3.565 5.635
-1.495 -2.645 6.095
-1.035 -0.575 5.865
-0.805 -1.265 6.785
-1.495 -0.805 7.245
0.575 -0.575 1.725
0.115 -0.345 1.725
0.345 -0.345 1.725
0.575 -0.345 1.725
0.115 -0.805 1.955
0.345 -0.805 1.955
0.115 -0.575 1.955
0.345 -0.575 1.955
0.115 -0.805 2.185
0.805 -0.575 2.185
0.115 -0.345 1.955
0.345 -0.345 1.955
0.115 -0.115 1.955
0.345 -0.115 1.955
0.575 -1.725 5.175
0.805 -2.185 6.785
3.105 -4.485 7.935
-1.035 0.345 1.725
-1.035 0.575 1.495
-1.265 0.575 1.725
-1.035 0.575 1.725
-0.575 0.115 1.495
-0.805 0.115 1.725
-0.805 0.345 1.725
-0.575 0.345 1.725
-0.345 0.115 1.495
-0.115 0.115 1.725
-0.345 0.345 1.725
-0.805 0.575 1.725
-0.575 0.575 1.725
-0.575 0.805 1.725
-0.345 0.805 1.495
-0.345 0.575 1.725
-0.345 0.805 1.725
-0.345 1.035 1.725
-1.265 0.115 1.955
-1.035 0.115 1.955
-1.265 0.575 1.955
-1.495 0.115 2.645
-1.495 0.345 2.645
-1.265 0.115 2.415
-1.035 0.115 2.415
-1.265 0.345 2.415
-1.035 0.345 2.415
-1.265 0.115 2.645
-1.265 0.345 2.645
-1.495 0.575 2.645
-1.265 0.575 2.415
-1.265 0.575 2.645
-0.805 0.115 1.955
-0.805 0.115 2.185
-0.805 0.345 1.955
-0.805 0.345 2.185
-0.575 0.115 1.955
-0.575 0.115 2.185
-0.575 0.345 1.955
-0.575 0.345 2.185
-0.345 0.115 1.955
-0.345 0.115 2.185
-0.345 0.345 1.955
-0.345 0.345 2.185
-0.115 0.115 1.955
-0.115 0.115 2.185
-0.115 0.345 1.955
-0.115 0.345 2.185
-0.805 0.575 1.955
-0.575 0.575 1.955
-0.805 0.575 2.185
-0.575 0.575 2.185
-0.805 0.805 2.185
-0.575 0.805 2.185
-0.115 0.575 1.955
-0.115 0.805 1.955
-0.345 0.575 2.185
-0.115 0.575 2.185
-0.345 0.805 2.185
-0.805 0.115 2.415
-0.805 0.345 2.415
-0.575 0.345 2.415
-0.575 0.345 2.645
-0.345 0.115 2.415
-0.345 0.345 2.415
-0.115 0.115 2.645
-0.805 0.575 2.415
-0.575 0.575 2.415
-0.805 0.805 2.415
-0.345 0.575 2.415
-0.115 0.575 2.415
-0.575 1.035 2.185
-1.035 0.345 2.875
-1.265 0.115 3.105
-0.805 0.575 2.875
-0.805 0.575 3.565
-0.345 0.575 5.405
-0.805 1.035 6.325
-0.115 1.955 10.235
0.115 0.115 1.725
0.345 0.115 1.725
0.115 0.345 1.725
0.345 0.115 1.955
0.115 0.345 1.955
0.345 0.345 1.955
0.115 0.575 1.955
0.115 0.805 1.955
0.115 0.575 2.415
0.115 0.805 2.645
0.805 0.805 2.645
0.115 0.805 2.875
1.035 0.115 3.565
1.035 0.575 3.795
