-2.185 -1.035 1.265
-1.955 -1.035 1.265
-2.185 -1.495 1.725
-2.415 -1.035 1.725
-2.185 -1.265 1.495
-1.955 -1.265 1.495
-2.185 -1.035 1.495
-1.955 -1.035 1.495
-2.185 -1.265 1.725
-2.185 -1.035 1.725
-1.955 -1.035 1.725
-2.185 -0.805 1.265
-1.955 -0.805 1.265
-1.955 -0.575 1.265
-2.415 -0.805 1.495
-2.415 -0.575 1.495
-2.415 -0.805 1.725
-2.415 -0.575 1.725
-2.185 -0.805 1.495
-1.955 -0.805 1.495
-1.955 -0.575 1.495
-2.185 -0.805 1.725
-2.415 -0.345 1.495
-2.415 -0.345 1.725
-2.415 -0.115 1.725
-1.955 -0.345 1.495
-1.725 -1.035 1.725
-1.725 -0.575 1.265
-1.495 -0.575 1.265
-1.265 -0.345 1.265
-1.725 -0.805 1.725
-1.495 -0.805 1.725
-1.495 -0.575 1.725
-1.265 -0.805 1.725
-1.725 -0.115 1.495
-1.725 -0.345 1.725
-1.495 -0.115 1.725
-1.035 -0.345 1.495
-1.265 -0.345 1.725
-1.035 -0.345 1.725
-1.035 -0.115 1.725
-0.805 -0.805 1.725
-0.805 -0.345 1.495
-0.805 -0.345 1.725
-3.335 -1.955 3.565
-3.105 -1.955 3.565
-3.105 -1.725 2.185
-2.185 -1.725 1.955
-2.185 -1.495 1.955
-1.955 -1.495 1.955
-2.415 -1.035 1.955
-2.185 -1.265 1.955
-1.955 -1.265 1.955
-2.185 -1.035 1.955
-1.955 -1.035 1.955
-2.185 -1.265 2.185
-2.185 -1.035 2.185
-2.645 -1.495 2.645
-2.185 -1.495 2.415
-2.415 -1.265 2.415
-2.415 -1.035 2.645
-2.185 -1.265 2.415
-2.185 -1.035 2.415
-2.875 -0.115 2.415
-2.415 -0.805 1.955
-2.415 -0.575 1.955
-2.185 -0.805 1.955
-1.955 -0.805 1.955
-2.185 -0.575 1.955
-1.955 -0.575 1.955
-1.955 -0.805 2.185
-2.415 -0.345 1.955
-2.645 -0.115 1.955
-2.415 -0.115 1.955
-1.955 -0.345 1.955
-1.955 -0.115 1.955
-2.185 -0.345 2.185
-1.955 -1.725 2.875
-2.185 -0.805 2.875
-2.645 -0.345 2.875
-1.725 -1.495 1.955
-1.725 -1.495 2.185
-1.725 -1.265 1.955
-1.725 -1.035 1.955
-1.495 -1.035 1.955
-1.495 -1.265 2.185
-1.265 -1.265 1.955
-1.035 -1.265 1.955
-1.265 -1.035 1.955
-1.035 -1.035 1.955
-1.035 -1.265 2.185
-1.265 -1.035 2.185
-1.035 -1.035 2.185
-1.035 -1.495 2.645
-1.265 -1.265 2.415
-0.575 -1.035 2.185
-0.575 -1.035 2.645
-1.725 -0.805 1.955
-1.495 -0.805 1.955
-1.725 -0.575 1.955
-1.495 -0.575 1.955
-1.495 -0.575 2.185
-1.265 -0.805 1.955
-1.265 -0.575 1.955
-1.265 -0.805 2.185
-1.035 -0.805 2.185
-1.265 -0.575 2.185
-1.725 -0.345 1.955
-1.495 -0.345 1.955
-1.495 -0.115 1.955
-1.495 -0.115 2.185
-1.265 -0.345 1.955
-1.035 -0.345 1.955
-1.035 -0.115 1.955
-1.265 -0.345 2.185
-1.035 -0.345 2.185
-1.265 -0.115 2.185
-1.035 -0.575 2.415
-1.495 -0.345 2.415
-1.265 -0.115 2.415
-1.265 -0.115 2.645
-0.805 -0.805 1.955
-0.805 -0.805 2.185
-0.575 -0.805 2.185
-0.805 -0.575 2.185
-0.575 -0.575 2.185
-0.805 -0.345 2.185
-0.575 -0.345 2.185
-0.805 -0.115 2.185
-0.575 -0.115 2.185
-0.805 -0.345 2.415
-0.575 -1.495 3.565
-1.265 -0.345 2.875
-0.805 -0.575 3.335
-4.255 -5.635 5.405
-5.175 -5.865 6.555
-4.255 -4.715 5.635
-3.795 -3.795 7.015
-3.105 -4.485 4.255
-1.495 -3.795 4.255
-2.415 -5.635 6.555
-2.645 -5.865 6.785
-1.955 -4.485 5.635
-1.955 -4.255 5.635
-2.185 -4.485 5.865
-2.415 -5.405 6.555
-4.025 -2.415 4.485
-4.025 -2.415 4.715
-4.025 -2.645 4.945
-4.945 -0.345 5.635
-4.945 -0.345 5.865
-0.805 -2.875 3.795
-1.955 -1.495 4.025
-0.575 -0.345 4.255
-1.265 -1.725 5.405
-1.265 -0.805 4.945
-3.565 -3.565 7.015
-0.575 -2.185 5.865
-3.565 -0.345 5.865
-1.265 -0.575 7.475
-1.265 -0.575 7.705
-1.495 -0.115 7.705
-1.265 -0.115 7.475
-1.495 -0.575 8.165
-1.035 -0.345 7.935
-1.495 -0.805 8.625
-1.035 -0.115 8.625
-1.035 -0.575 8.855
-1.035 -0.805 9.085
-1.035 -1.035 10.235
-2.415 0.115 1.725
-2.645 0.345 1.725
-2.415 0.345 1.725
-2.185 0.345 1.495
-1.955 0.115 1.725
-2.185 0.345 1.725
-1.495 0.115 1.495
-1.495 0.345 1.495
-1.495 0.345 1.725
-1.035 0.115 1.495
-1.265 0.345 1.495
-1.265 0.345 1.725
-1.495 0.575 1.495
-2.645 0.115 1.955
-2.415 0.115 1.955
-2.645 0.345 1.955
-2.645 0.345 2.185
-2.185 0.115 1.955
-1.955 0.115 1.955
-2.185 0.345 1.955
-1.955 0.345 1.955
-2.185 0.575 1.955
-1.955 0.575 1.955
-2.185 0.345 3.335
-1.725 0.115 1.955
-1.495 0.115 1.955
-1.495 0.345 1.955
-1.495 0.115 2.185
-1.725 0.345 2.185
-1.495 0.345 2.185
-1.265 0.115 1.955
-1.265 0.345 1.955
-1.265 0.115 2.185
-1.035 0.115 2.185
-1.265 0.345 2.185
-1.035 0.345 2.185
-1.725 0.575 1.955
-1.495 0.575 1.955
-1.725 0.575 2.185
-1.495 0.575 2.185
-1.265 0.575 2.185
-1.035 0.575 2.185
-1.035 0.805 2.185
-1.265 0.345 2.415
-1.035 0.575 2.415
-1.035 0.575 2.645
-1.035 0.805 2.645
-0.805 0.115 2.185
-0.805 0.345 2.185
-0.805 0.575 2.185
-0.805 0.115 2.415
-0.805 0.345 2.645
-1.035 0.575 3.105
-1.035 0.805 3.105
-0.805 0.115 3.335
-3.795 0.345 4.255
-1.035 0.805 4.255
-0.805 0.345 4.255
-1.265 0.115 7.475
-1.035 0.115 7.935
