-1.265 -0.575 1.725
-0.115 -0.115 1.495
-0.115 -0.345 1.725
-0.345 -0.115 1.725
-0.115 -0.115 1.725
-1.495 -2.185 3.565
-1.035 -1.035 2.185
-1.035 -1.495 2.415
-1.495 -1.035 2.415
-1.495 -1.265 2.645
-1.495 -1.035 2.645
-1.035 -1.265 2.415
-1.265 -1.035 2.415
-1.035 -1.035 2.415
-0.805 -1.265 2.185
-0.805 -1.035 2.185
-0.575 -1.035 2.185
-0.345 -1.035 2.185
-0.805 -1.265 2.415
-0.805 -1.035 2.415
-1.035 -0.805 2.185
-1.035 -0.345 1.955
-1.035 -0.115 1.955
-1.265 -0.115 2.185
-1.495 -0.805 2.415
-1.495 -0.575 2.415
-1.495 -0.805 2.645
-1.495 -0.575 2.645
-1.035 -0.805 2.415
-1.265 -0.575 2.415
-1.035 -0.575 2.415
-1.495 -0.345 2.415
-1.495 -0.115 2.415
-1.495 -0.345 2.645
-1.495 -0.115 2.645
-1.265 -0.345 2.415
-1.035 -0.345 2.415
-1.265 -0.115 2.415
-1.265 -0.115 2.645
-0.805 -0.575 1.955
-0.805 -0.805 2.185
-0.575 -0.805 2.185
-0.805 -0.575 2.185
-0.575 -0.575 2.185
-0.115 -0.805 1.955
-0.345 -0.575 1.955
-0.115 -0.575 1.955
-0.345 -0.805 2.185
-0.345 -0.575 2.185
-0.115 -0.575 2.185
-0.805 -0.345 1.955
-0.575 -0.345 1.955
-0.805 -0.345 2.185
-0.575 -0.345 2.185
-0.805 -0.115 2.185
-0.575 -0.115 2.185
-0.345 -0.115 1.955
-0.115 -0.115 1.955
-0.345 -0.345 2.185
-0.115 -0.345 2.185
-0.345 -0.115 2.185
-0.115 -0.115 2.185
-0.805 -0.805 2.415
-0.805 -0.575 2.415
-0.805 -0.345 2.415
-0.575 -0.345 2.415
-0.805 -0.115 2.415
-0.575 -0.115 2.415
-0.345 -0.345 2.415
-1.495 -1.035 3.105
-1.035 -1.035 2.875
-1.495 -1.035 3.335
-0.805 -1.265 2.875
-0.345 -1.265 2.875
-1.495 -0.805 3.105
-1.265 -0.115 3.105
-0.805 -0.575 3.335
-1.725 -3.795 4.945
-1.495 -3.795 4.945
-1.955 -4.715 6.555
-0.345 -2.185 4.485
-2.185 -1.035 4.945
-0.805 -1.495 4.715
-1.035 -2.645 5.635
-2.185 -1.035 6.095
-2.185 -0.805 5.865
-1.495 -0.345 7.015
-1.495 -0.345 7.705
-1.495 -0.115 7.705
0.115 -0.805 1.955
0.345 -0.805 1.955
0.115 -0.575 1.955
0.345 -0.575 1.955
0.345 -0.805 2.185
0.345 -0.345 1.955
0.115 -0.115 1.955
0.345 -0.115 1.955
2.875 -1.955 4.945
0.575 -1.725 4.255
0.575 -1.725 4.485
-1.265 0.115 1.495
-1.035 0.115 1.725
-1.035 0.345 1.725
-1.265 0.575 1.725
-1.035 0.575 1.725
-0.345 0.115 1.265
-0.575 0.115 1.495
-0.575 0.345 1.495
-0.805 0.115 1.725
-0.575 0.115 1.725
-0.575 0.345 1.725
-0.345 0.115 1.495
-0.345 0.345 1.495
-0.345 0.345 1.725
-0.575 0.805 1.725
-1.035 0.115 1.955
-1.035 0.345 2.185
-1.495 0.575 1.955
-1.035 0.575 1.955
-1.495 0.115 2.415
-1.495 0.345 2.415
-1.725 0.115 2.645
-1.495 0.115 2.645
-1.725 0.345 2.645
-1.495 0.345 2.645
-1.265 0.115 2.415
-1.035 0.115 2.415
-1.265 0.345 2.415
-1.495 0.575 2.645
-1.265 0.575 2.415
-1.035 0.575 2.415
-1.035 0.805 2.415
-1.035 0.805 2.645
-0.805 0.115 1.955
-0.805 0.115 2.185
-0.805 0.345 1.955
-0.805 0.345 2.185
-0.575 0.115 1.955
-0.575 0.115 2.185
-0.575 0.345 1.955
-0.575 0.345 2.185
-0.345 0.115 1.955
-0.115 0.115 1.955
-0.115 0.345 1.955
-0.345 0.115 2.185
-0.115 0.115 2.185
-0.345 0.345 2.185
-0.115 0.345 2.185
-0.805 0.575 2.185
-0.575 0.575 2.185
-0.805 0.805 2.185
-0.575 0.805 2.185
-0.345 0.575 1.955
-0.115 0.575 1.955
-0.345 0.805 1.955
-0.115 0.805 1.955
-0.345 0.575 2.185
-0.115 0.575 2.185
-0.805 0.115 2.415
-0.805 0.345 2.415
-0.575 0.345 2.415
-0.575 0.115 2.645
-0.345 0.115 2.415
-0.345 0.115 2.645
-0.805 0.575 2.415
-0.575 0.575 2.415
-0.805 0.805 2.415
-0.805 0.575 2.645
-0.575 0.575 2.645
-0.115 0.575 2.415
-0.345 0.805 2.415
-0.115 0.805 2.415
-0.345 0.575 2.645
-0.115 0.575 2.645
-0.115 1.035 2.185
-0.115 1.035 2.645
-1.495 0.345 2.875
-1.725 0.115 3.565
-1.035 0.115 3.335
-0.575 0.115 2.875
-0.115 0.115 2.875
-0.575 0.575 2.875
-1.265 0.575 3.795
-1.495 0.115 4.945
-0.575 0.115 4.715
-0.805 0.345 4.715
-2.415 0.345 7.705
-0.805 0.805 10.005
0.115 0.575 2.185
0.575 0.805 4.485
0.575 1.035 4.715
