-0.805 -0.345 -5.635
-0.115 -0.115 -1.035
1.265 -0.115 -6.325
1.725 -0.115 -4.945
2.645 -0.345 -5.405
0.575 -0.115 -1.725
0.115 -0.115 -1.035
-1.955 0.575 -9.315
-2.185 0.575 -9.085
-1.495 2.415 -8.165
-1.265 2.415 -8.165
-1.265 2.415 -7.705
-2.415 0.575 -6.555
-2.185 0.575 -6.325
-2.415 3.565 -5.635
-1.265 1.955 -6.325
-1.265 0.345 -4.715
-1.265 0.345 -4.485
-1.495 0.345 -4.025
-1.265 0.345 -4.025
-1.035 0.345 -4.025
-1.035 0.345 -3.795
-1.495 0.575 -4.025
-1.035 0.575 -3.795
-0.805 0.345 -3.795
-0.345 2.415 -4.945
-0.345 2.875 -4.715
-0.575 2.645 -4.485
-3.105 4.025 -6.785
-2.875 4.025 -6.555
-2.875 5.405 -5.865
-2.415 5.175 -5.865
-2.645 5.865 -6.325
-0.805 0.345 -3.565
-0.115 0.115 -3.335
-0.345 0.345 -3.335
-0.115 0.345 -3.335
-0.805 0.345 -3.105
-0.575 0.345 -3.105
-0.115 0.345 -3.105
-0.345 0.345 -2.875
-0.345 0.575 -1.955
-1.035 2.185 -3.105
-0.805 3.335 -3.335
-0.805 3.335 -3.105
-0.115 1.955 -1.955
-0.345 0.805 -1.495
-0.115 0.805 -1.495
-0.115 0.345 -1.035
-0.345 0.575 -1.265
-0.115 0.575 -1.265
-0.115 0.575 -1.035
-0.115 0.805 -1.035
-0.575 1.035 -1.725
-0.575 1.265 -1.725
-0.575 1.035 -1.495
-0.345 1.035 -1.725
-0.345 1.265 -1.725
-0.345 1.035 -1.495
-0.115 1.035 -1.495
-0.345 1.265 -1.495
-0.115 1.265 -1.495
-0.575 1.495 -1.495
-0.575 1.725 -1.495
-0.345 1.495 -1.495
-0.345 1.725 -1.495
-0.345 1.035 -1.265
-0.115 1.035 -1.265
-0.345 1.265 -1.265
-0.115 1.265 -1.265
-0.115 1.495 -1.265
0.345 1.035 -7.475
0.345 0.805 -7.245
0.345 0.805 -7.015
0.345 1.035 -6.785
0.345 1.035 -6.555
0.345 1.265 -6.555
0.115 3.105 -5.635
0.345 3.335 -5.635
0.115 3.335 -5.175
0.115 3.795 -5.865
1.955 5.175 -5.635
3.565 4.945 -6.095
2.645 5.635 -6.785
1.495 4.715 -5.175
0.115 0.115 -3.335
0.115 0.345 -3.105
0.345 0.345 -3.105
1.265 0.575 -3.335
1.265 0.345 -2.875
1.495 0.115 -3.105
1.035 0.575 -3.105
0.345 0.345 -1.955
0.575 0.345 -2.185
0.805 0.345 -2.185
0.805 0.805 -1.955
1.265 0.115 -2.645
1.265 0.115 -2.415
1.035 0.345 -2.415
1.035 0.345 -2.185
0.115 1.495 -2.645
0.345 1.495 -2.415
0.345 1.725 -2.415
0.115 1.495 -2.185
0.805 1.725 -1.955
1.265 1.495 -1.955
1.265 1.725 -1.955
1.495 1.725 -1.955
0.115 2.185 -3.335
0.345 2.185 -2.875
1.265 1.955 -2.875
0.345 1.955 -2.645
0.575 1.955 -2.645
1.265 2.185 -2.415
2.185 3.105 -3.335
0.115 0.345 -1.495
0.575 0.115 -1.495
0.805 0.115 -1.495
0.115 0.805 -1.725
0.345 0.575 -1.495
0.805 0.575 -1.495
0.345 0.115 -1.265
0.345 0.345 -1.265
0.345 0.115 -1.035
0.115 0.345 -1.035
0.345 0.345 -1.035
0.805 0.115 -1.265
0.805 0.345 -1.265
0.575 0.115 -1.035
0.575 0.345 -1.035
0.805 0.345 -1.035
0.345 0.575 -1.265
0.115 0.805 -1.265
0.345 0.575 -1.035
0.345 0.805 -1.035
0.575 0.575 -1.265
0.575 0.805 -1.265
0.575 0.575 -1.035
0.575 0.805 -1.035
1.035 0.115 -1.725
1.035 0.115 -1.495
0.345 1.265 -1.725
0.345 1.035 -1.495
0.115 1.265 -1.495
0.115 1.035 -1.265
0.345 1.035 -1.265
0.115 1.265 -1.265
0.345 1.265 -1.265
0.345 1.035 -1.035
0.575 1.035 -1.265
0.575 1.265 -1.265
0.575 1.035 -1.035
1.035 1.035 -1.265
0.345 0.345 -0.805
0.345 0.805 -0.805
0.575 0.805 -0.805
