-0.575 3.105 -2.645
-0.345 2.875 -1.955
-0.345 1.265 -1.035
-0.575 1.495 -1.035
-0.345 1.725 -1.035
-0.115 0.805 -0.575
-0.115 0.115 -0.115
-0.115 0.345 -0.115
-0.805 0.575 -0.115
-0.115 0.805 -0.345
-0.345 0.575 -0.115
-0.115 0.575 -0.115
-0.575 1.035 -0.575
-0.345 1.035 -0.345
-0.115 1.035 -0.345
-0.115 1.265 -0.345
-0.115 1.035 -0.115
-0.115 1.265 -0.115
-0.575 1.495 -0.345
-0.345 1.495 -0.345
-0.345 1.495 -0.115
-0.345 1.725 -0.345
-0.345 1.725 -0.115
-0.115 1.495 -0.345
-0.115 1.495 -0.115
-0.115 1.725 -0.345
-0.115 1.725 -0.115
-0.115 2.185 -1.265
3.795 1.495 -3.795
4.255 2.415 -4.485
4.255 2.645 -4.255
0.115 4.485 -3.795
1.495 4.485 -4.025
2.185 5.405 -4.715
2.415 6.095 -4.255
1.035 3.565 -1.955
2.415 2.185 -2.875
1.955 3.335 -3.335
2.415 2.185 -2.645
0.575 0.345 -1.035
0.805 0.805 -1.035
0.575 1.265 -1.035
0.345 1.725 -1.035
0.345 0.345 -0.805
0.575 0.345 -0.575
0.805 0.805 -0.575
0.115 0.115 -0.345
0.345 0.345 -0.345
0.575 0.345 -0.345
0.345 0.805 -0.345
0.115 0.805 -0.115
0.575 0.805 -0.345
1.035 0.575 -0.345
0.345 1.035 -0.805
0.115 1.035 -0.575
0.345 1.265 -0.575
0.345 1.725 -0.805
0.345 1.725 -0.575
0.115 1.035 -0.345
0.115 1.265 -0.345
0.345 1.035 -0.115
0.115 1.265 -0.115
0.345 1.265 -0.115
0.575 1.035 -0.345
0.575 1.265 -0.345
0.575 1.265 -0.115
0.115 1.495 -0.345
0.115 1.725 -0.345
0.345 1.725 -0.345
0.115 1.495 -0.115
0.345 1.495 -0.115
0.115 1.725 -0.115
0.345 1.725 -0.115
0.575 1.495 -0.115
0.575 1.725 -0.115
1.265 1.495 -0.805
1.265 1.725 -0.805
1.035 1.265 -0.345
1.495 1.265 -0.115
2.645 1.265 -1.495
0.115 1.955 -1.495
0.345 1.955 -1.035
0.115 3.105 -1.725
0.575 3.335 -1.725
0.805 3.565 -1.035
1.495 3.335 -1.725
0.345 1.955 -0.805
0.805 1.955 -0.575
0.115 2.415 -0.575
0.115 1.955 -0.345
0.345 1.955 -0.345
0.115 1.955 -0.115
0.345 1.955 -0.115
0.345 2.185 -0.115
0.575 1.955 -0.115
0.115 2.645 -0.115
0.575 2.415 -0.345
1.035 2.415 -0.115
2.645 3.105 -1.495
3.335 3.105 -0.575
5.175 3.565 -0.575
0.805 5.405 -3.565
1.725 4.945 -3.105
2.415 4.715 -3.565
0.575 5.635 -3.565
5.865 4.255 -0.805
-0.345 0.575 0.115
-0.115 0.805 0.115
-0.345 0.805 0.345
-0.115 0.805 0.345
-0.345 1.725 0.115
-0.115 1.725 0.345
-0.115 1.265 0.575
-0.115 1.725 0.575
-0.115 1.955 0.115
-0.115 1.955 0.575
0.115 0.345 0.115
0.345 0.345 0.115
0.115 0.345 0.345
0.345 0.345 0.345
0.115 0.575 0.115
0.345 0.575 0.115
0.115 0.805 0.115
0.345 0.805 0.115
0.345 0.575 0.345
0.575 0.805 0.115
0.575 0.575 0.345
0.805 0.575 0.345
0.575 0.805 0.345
0.805 0.805 0.345
0.345 0.805 0.575
0.575 0.805 0.575
0.345 1.035 0.115
0.345 1.265 0.115
0.345 1.035 0.345
0.115 1.265 0.345
0.345 1.265 0.345
0.575 1.035 0.115
0.575 1.265 0.115
0.575 1.035 0.345
0.575 1.265 0.345
0.115 1.495 0.115
0.345 1.495 0.115
0.115 1.725 0.115
0.345 1.725 0.115
0.115 1.495 0.345
0.115 1.725 0.345
0.575 1.495 0.115
0.805 1.495 0.115
0.575 1.495 0.345
0.115 1.035 0.575
0.115 1.265 0.575
0.345 1.265 0.575
0.575 1.035 0.575
0.805 1.035 0.575
0.575 1.265 0.575
0.805 1.495 0.575
1.035 1.495 0.345
1.725 1.725 0.115
1.265 1.725 0.575
0.115 1.955 0.345
0.575 1.955 0.115
0.115 1.955 0.575
0.345 2.185 0.575
1.265 1.955 0.115
1.035 2.185 0.345
1.035 2.415 0.115
1.265 2.415 0.345
1.955 4.255 0.115
1.955 4.255 0.345
2.415 5.175 0.345
