0.805 -0.115 2.415
0.575 -0.115 3.105
0.805 -0.115 3.105
1.265 -0.115 3.335
2.415 -0.345 3.565
1.725 -0.345 4.025
1.955 -0.115 5.405
2.645 -0.115 5.865
5.635 -0.575 5.175
5.865 -0.575 5.405
3.795 -0.575 5.865
3.795 -0.805 6.095
-0.115 1.035 0.805
-0.115 0.575 1.265
-0.115 0.115 1.495
-0.115 0.345 1.495
-0.345 1.035 1.265
-0.115 1.265 1.265
-0.575 1.035 1.495
-0.575 1.035 1.725
-0.115 1.035 1.495
-0.345 1.265 1.495
-0.115 1.265 1.495
-0.115 1.035 1.725
-0.345 1.265 1.725
-0.115 1.265 1.725
-0.115 1.495 1.725
-0.115 0.345 1.955
-0.115 0.115 2.185
-0.115 0.805 2.185
-0.345 1.265 1.955
-0.115 1.265 1.955
-0.345 1.035 2.185
-0.115 1.035 2.185
-0.345 1.265 2.185
-0.115 1.265 2.185
-0.115 1.495 1.955
-0.345 1.495 2.185
-0.115 1.495 2.185
-0.115 1.035 2.415
-0.345 1.265 2.415
-0.115 1.265 2.415
0.345 1.035 0.805
0.345 1.265 0.805
0.575 1.035 0.805
0.805 1.035 0.805
0.345 0.345 1.035
0.575 0.345 1.035
0.115 0.575 1.035
0.345 0.575 1.035
0.115 0.805 1.035
0.575 0.575 1.035
0.805 0.805 1.035
0.805 0.805 1.265
0.345 0.115 1.495
0.115 0.345 1.725
0.805 0.115 1.725
0.115 0.575 1.495
0.115 0.575 1.725
0.345 0.805 1.725
0.805 0.575 1.495
0.575 0.805 1.495
0.805 0.805 1.495
0.575 0.575 1.725
0.805 0.575 1.725
0.575 0.805 1.725
1.265 0.345 1.035
1.265 0.115 1.265
1.035 0.345 1.265
1.265 0.345 1.265
1.495 0.345 1.035
1.495 0.115 1.265
1.495 0.345 1.265
1.725 0.345 1.265
1.035 0.805 1.035
1.265 0.805 1.035
1.035 0.575 1.265
1.035 0.805 1.265
1.495 0.575 1.035
1.265 0.115 1.495
1.035 0.345 1.495
1.265 0.345 1.495
1.035 0.115 1.725
1.265 0.115 1.725
1.495 0.115 1.495
1.495 0.115 1.725
1.035 0.575 1.495
1.035 0.805 1.495
1.035 0.575 1.725
0.345 1.035 1.035
0.115 1.265 1.035
0.345 1.265 1.035
0.345 1.265 1.265
0.575 1.035 1.035
0.805 1.035 1.035
0.575 1.265 1.035
0.575 1.035 1.265
0.575 1.265 1.265
0.115 1.495 1.035
0.345 1.495 1.035
0.115 1.495 1.265
0.345 1.495 1.265
0.345 1.035 1.495
0.115 1.265 1.495
0.345 1.265 1.495
0.115 1.035 1.725
0.345 1.035 1.725
0.115 1.265 1.725
0.345 1.265 1.725
0.575 1.035 1.495
0.115 1.495 1.725
0.345 1.495 1.725
1.035 1.035 1.035
1.035 1.495 1.265
1.035 1.035 1.495
1.955 0.345 1.265
1.955 0.575 1.035
2.875 0.115 1.725
2.185 1.495 1.265
0.805 1.955 1.725
1.035 1.955 1.265
0.345 0.115 1.955
0.345 0.345 2.185
0.805 0.115 1.955
0.575 0.345 1.955
0.805 0.345 1.955
0.575 0.345 2.185
0.805 0.345 2.185
0.345 0.575 1.955
0.115 0.805 1.955
0.345 0.805 1.955
0.115 0.575 2.185
0.345 0.575 2.185
0.115 0.805 2.185
0.345 0.805 2.185
0.575 0.575 1.955
0.805 0.575 1.955
0.575 0.805 1.955
0.575 0.575 2.185
0.575 0.805 2.185
0.345 0.345 2.415
0.115 0.345 2.645
0.345 0.345 2.645
0.575 0.115 2.415
0.805 0.115 2.415
0.575 0.345 2.415
0.805 0.345 2.415
0.575 0.115 2.645
0.805 0.115 2.645
0.115 0.575 2.415
0.345 0.575 2.415
0.115 0.805 2.415
0.345 0.805 2.415
0.115 0.575 2.645
0.115 0.805 2.645
0.575 0.805 2.645
1.035 0.115 1.955
1.265 0.115 1.955
1.495 0.115 1.955
0.115 1.035 1.955
0.345 1.035 1.955
0.115 1.265 1.955
0.115 1.035 2.185
0.345 1.035 2.185
0.115 1.265 2.185
0.805 1.035 1.955
0.805 1.725 1.955
0.115 1.035 2.645
0.345 1.035 2.645
0.115 1.725 2.645
0.805 0.115 2.875
0.805 0.115 3.335
1.495 0.115 3.105
0.115 1.265 3.105
0.345 1.265 3.335
0.345 1.265 3.565
2.415 0.115 2.185
2.415 0.805 2.185
2.415 0.345 2.645
3.335 1.955 1.955
2.875 2.415 1.955
2.415 3.105 2.415
2.415 3.105 2.645
4.255 4.025 3.565
3.795 5.175 3.105
1.035 0.345 4.025
0.805 1.035 3.795
2.875 0.115 3.795
2.415 1.495 6.095
2.645 1.725 6.325
3.565 1.265 5.865
5.405 0.115 4.255
4.255 1.265 3.795
7.245 0.115 5.405
1.955 4.945 7.015
