-0.805 -0.345 -5.635
0.575 -0.115 -1.725
0.115 -0.115 -1.265
0.575 -0.115 -1.035
-2.415 0.575 -9.085
-1.955 0.575 -6.785
-1.725 0.575 -6.785
-2.415 3.565 -5.635
-1.265 2.185 -5.635
-0.345 2.645 -5.865
-1.725 0.345 -4.945
-1.495 0.345 -4.255
-1.495 0.345 -4.025
-1.265 0.345 -4.025
-1.035 0.345 -4.025
-1.035 0.345 -3.795
-0.805 0.345 -3.795
-0.805 2.875 -4.025
-3.105 4.025 -6.785
-2.875 5.175 -5.865
-2.415 5.175 -5.635
-2.645 5.865 -6.325
-0.575 4.945 -4.485
-0.805 0.345 -3.565
-0.575 0.345 -3.335
-0.115 0.115 -3.565
-0.345 0.345 -3.335
-0.115 0.345 -3.335
-0.805 0.345 -3.105
-0.345 0.345 -3.105
-0.115 0.345 -3.105
-0.345 0.115 -2.875
-0.115 0.115 -2.875
-0.115 0.345 -2.645
-0.115 0.805 -2.415
-0.345 0.575 -1.955
-0.115 0.575 -1.955
-0.115 1.495 -2.645
-0.115 1.495 -2.185
-1.035 2.185 -3.105
-1.035 3.565 -3.565
-0.115 1.955 -2.415
-0.115 1.955 -1.955
-0.345 0.805 -1.725
-0.115 0.575 -1.495
-0.345 0.805 -1.495
-0.115 0.805 -1.495
-0.345 0.345 -1.265
-0.115 0.345 -1.265
-0.115 0.345 -1.035
-0.345 0.575 -1.265
-0.115 0.575 -1.265
-0.345 0.805 -1.265
-0.115 0.805 -1.265
-0.115 0.575 -1.035
-0.575 1.035 -1.725
-0.575 1.265 -1.725
-0.575 1.035 -1.495
-0.345 1.035 -1.725
-0.345 1.035 -1.495
-0.345 1.265 -1.495
-0.575 1.495 -1.495
-0.575 1.725 -1.495
-0.345 1.495 -1.495
-0.345 1.725 -1.495
-0.345 1.035 -1.265
-0.115 1.035 -1.265
-0.345 1.265 -1.265
-0.115 1.265 -1.265
-0.115 1.265 -1.035
-0.115 1.495 -1.265
-0.115 0.345 -0.805
-0.115 0.575 -0.805
0.345 1.035 -7.935
0.345 1.035 -7.705
0.345 1.035 -7.475
0.345 1.035 -7.015
0.345 1.035 -6.785
0.345 3.565 -6.785
2.185 0.115 -4.485
0.345 3.335 -5.405
0.115 3.795 -6.095
1.495 4.485 -5.175
0.345 0.115 -3.335
0.115 0.345 -3.105
0.345 0.345 -3.105
0.115 0.115 -2.875
1.035 0.575 -3.105
0.115 0.115 -2.415
0.115 0.115 -1.955
0.115 0.345 -1.955
0.345 0.345 -1.955
1.035 0.345 -2.645
1.035 0.345 -2.415
1.035 0.345 -2.185
0.805 1.035 -2.645
0.805 1.035 -2.415
0.345 1.495 -2.415
0.115 1.265 -1.955
0.345 1.495 -2.185
0.115 1.495 -1.955
0.805 1.725 -2.185
1.035 1.035 -2.185
1.265 1.495 -1.955
1.725 2.875 -2.875
0.345 1.955 -2.645
1.035 1.955 -2.645
1.035 1.955 -2.185
2.185 3.105 -3.335
0.115 0.115 -1.725
0.345 0.345 -1.495
0.575 0.345 -1.495
0.115 0.575 -1.495
0.345 0.345 -1.265
0.115 0.345 -1.035
0.345 0.345 -1.035
0.805 0.115 -1.265
0.575 0.345 -1.035
0.805 0.345 -1.035
0.345 0.575 -1.265
0.345 0.805 -1.035
0.575 0.805 -1.265
0.575 0.575 -1.035
1.035 0.115 -1.495
0.805 1.495 -1.725
0.115 1.035 -1.265
0.345 1.035 -1.265
0.115 1.265 -1.265
0.575 1.265 -1.265
0.575 1.035 -1.035
0.115 1.495 -1.265
1.265 1.035 -1.725
1.035 1.035 -1.265
1.035 1.035 -1.035
0.115 0.345 -0.805
0.345 0.345 -0.805
0.575 0.345 -0.805
0.345 0.805 -0.805
0.575 0.575 -0.805
0.575 0.805 -0.805
