-7.935 -0.345 7.245
-2.185 -1.035 1.265
-1.955 -1.035 1.265
-2.185 -1.495 1.725
-2.415 -1.035 1.725
-1.955 -1.265 1.495
-2.185 -1.035 1.495
-1.955 -1.035 1.495
-2.185 -1.265 1.725
-1.955 -1.265 1.725
-2.185 -1.035 1.725
-1.955 -1.035 1.725
-2.415 -0.575 1.265
-2.185 -0.805 1.265
-1.955 -0.805 1.265
-2.185 -0.575 1.265
-2.415 -0.345 1.265
-1.955 -0.345 1.265
-2.415 -0.805 1.495
-2.415 -0.575 1.495
-2.415 -0.805 1.725
-2.415 -0.575 1.725
-2.185 -0.805 1.495
-2.185 -0.575 1.495
-2.185 -0.805 1.725
-2.185 -0.575 1.725
-2.645 -0.345 1.495
-2.645 -0.345 1.725
-2.645 -0.115 1.495
-2.645 -0.115 1.725
-2.415 -0.345 1.495
-2.415 -0.345 1.725
-2.415 -0.115 1.495
-2.415 -0.115 1.725
-1.955 -0.345 1.495
-1.955 -0.115 1.495
-1.495 -0.115 1.035
-1.725 -0.115 1.265
-1.035 -0.115 1.265
-1.725 -0.575 1.495
-1.725 -0.345 1.495
-1.495 -0.345 1.495
-1.495 -0.115 1.495
-1.725 -0.345 1.725
-1.725 -0.115 1.725
-1.035 -0.115 1.725
-1.725 -3.105 3.565
-1.725 -2.185 3.335
-3.105 -1.035 2.645
-2.185 -1.495 1.955
-2.185 -1.265 1.955
-1.955 -1.265 1.955
-2.185 -1.035 1.955
-2.185 -1.265 2.185
-2.185 -1.035 2.415
-3.335 -0.575 2.645
-3.105 -0.575 2.415
-2.875 -0.345 2.415
-3.105 -0.115 2.645
-2.415 -0.805 1.955
-2.645 -0.575 1.955
-2.645 -0.575 2.185
-2.415 -0.575 2.185
-1.955 -0.805 1.955
-1.955 -0.575 1.955
-2.185 -0.575 2.185
-2.645 -0.115 1.955
-1.955 -0.345 1.955
-2.185 -0.115 1.955
-1.955 -0.115 1.955
-1.955 -0.345 2.185
-1.955 -0.575 2.415
-1.955 -0.575 2.645
-1.955 -0.345 2.645
-3.565 -0.115 3.105
-3.335 -0.805 3.565
-2.875 -0.345 3.335
-2.185 -0.115 2.875
-1.725 -1.495 1.955
-1.495 -1.495 1.955
-1.495 -1.495 2.185
-1.725 -1.265 1.955
-1.495 -1.265 1.955
-1.725 -1.035 1.955
-1.035 -1.265 2.185
-1.265 -1.035 2.185
-1.035 -1.035 2.185
-1.035 -1.035 2.415
-0.575 -1.035 2.415
-1.725 -0.805 1.955
-1.725 -0.575 1.955
-1.725 -0.805 2.185
-1.265 -0.575 1.955
-1.265 -0.805 2.185
-1.035 -0.805 2.185
-1.265 -0.575 2.185
-1.035 -0.575 2.185
-1.725 -0.345 1.955
-1.495 -0.345 2.185
-1.495 -0.115 2.185
-1.035 -0.345 1.955
-1.035 -0.115 1.955
-1.265 -0.345 2.185
-1.035 -0.345 2.185
-1.265 -0.115 2.185
-1.725 -0.805 2.415
-1.035 -0.575 2.415
-0.805 -0.575 2.185
-0.575 -0.805 2.415
-0.805 -0.575 2.415
-0.575 -0.575 2.415
-0.805 -0.345 2.415
-1.035 -1.265 2.875
-1.035 -1.725 3.335
-1.725 -1.035 3.335
-1.035 -0.115 2.875
-1.495 -0.575 3.565
-1.725 -0.345 3.335
-2.875 -4.485 4.255
-3.105 -4.025 4.255
-2.645 -6.555 7.015
-2.415 -5.175 5.635
-5.175 -2.875 5.405
-3.795 -1.265 3.795
-4.255 -0.345 4.025
-4.255 -1.955 6.555
-2.185 -1.265 4.255
-2.875 -0.575 3.795
-2.875 -0.345 3.795
-2.875 -3.565 6.095
-2.645 -1.495 5.865
-1.955 -0.575 7.015
-1.725 -0.345 6.095
-1.725 -0.345 6.325
-0.805 -1.495 7.245
-7.935 -0.115 7.475
-3.105 -5.635 7.475
-1.955 -0.805 7.705
-1.955 -0.805 7.935
-0.805 -1.725 7.705
-1.725 -0.575 7.705
-1.265 -1.035 8.395
-4.025 0.115 3.565
-4.025 0.345 3.565
-2.875 0.345 1.725
-2.185 0.345 1.265
-1.955 0.575 1.265
-2.645 0.115 1.495
-2.645 0.115 1.725
-2.645 0.345 1.495
-2.645 0.345 1.725
-2.415 0.115 1.495
-2.415 0.115 1.725
-2.415 0.345 1.495
-2.415 0.345 1.725
-1.955 0.115 1.495
-2.185 0.115 1.725
-2.645 0.575 1.725
-2.415 0.575 1.725
-2.185 0.575 1.495
-1.725 0.115 1.265
-1.725 0.345 1.265
-1.035 0.115 1.265
-1.725 0.115 1.495
-1.495 0.115 1.495
-1.495 0.345 1.495
-1.725 0.345 1.725
-1.035 0.115 1.495
-1.265 0.115 1.725
-1.725 0.575 1.495
-1.495 0.575 1.495
-1.265 0.575 1.495
-1.035 0.575 1.495
-1.265 0.575 1.725
-3.335 0.345 2.645
-2.415 0.115 1.955
-2.415 0.345 1.955
-2.185 0.115 1.955
-1.955 0.115 1.955
-2.185 0.345 1.955
-2.185 0.115 2.185
-2.415 0.575 1.955
-2.185 0.575 1.955
-1.955 0.575 2.185
-1.955 0.115 2.415
-2.875 0.575 3.105
-1.955 0.115 2.875
-2.415 0.575 2.875
-2.415 0.575 3.105
-1.495 0.115 1.955
-1.725 0.345 1.955
-1.495 0.345 1.955
-1.725 0.115 2.185
-1.495 0.115 2.185
-1.725 0.345 2.185
-1.495 0.345 2.185
-1.035 0.115 1.955
-1.265 0.345 1.955
-1.265 0.115 2.185
-1.035 0.115 2.185
-1.725 0.575 1.955
-1.495 0.575 1.955
-1.725 0.805 1.955
-1.725 0.575 2.185
-1.495 0.575 2.185
-1.725 0.805 2.185
-1.265 0.575 1.955
-1.265 0.575 2.185
-1.035 0.575 2.185
-1.265 0.805 2.185
-1.035 0.805 2.185
-1.035 0.345 2.645
-1.495 0.575 2.415
-1.265 0.575 2.415
-1.265 0.805 2.415
-1.265 0.575 2.645
-1.265 0.805 2.645
-1.495 0.115 2.875
-1.035 0.345 3.105
-1.495 0.805 2.875
-1.725 0.575 3.105
-1.265 0.345 3.565
-4.025 0.115 3.795
-4.945 0.345 6.095
-4.255 0.345 5.635
-3.335 0.345 4.025
-2.415 0.575 6.325
-2.875 0.575 8.165
-2.645 0.575 7.705
-2.415 0.805 7.705
-2.645 0.805 8.855
