-2.185 -0.115 1.495
-2.185 -0.345 1.725
-2.185 -0.115 1.725
-1.955 -0.115 1.725
-2.875 -0.115 2.645
-2.415 -0.115 1.955
-2.415 -0.345 2.185
-2.645 -0.115 2.185
-2.415 -0.115 2.185
-2.185 -0.345 1.955
-1.955 -0.345 1.955
-2.185 -0.115 1.955
-1.955 -0.115 1.955
-2.185 -0.345 2.185
-1.955 -0.345 2.185
-2.415 -0.805 2.415
-1.955 -0.575 2.415
-1.955 -0.575 2.645
-2.415 -0.345 2.415
-2.185 -0.345 2.415
-1.955 -0.345 2.415
-2.185 -0.115 2.415
-1.955 -0.115 2.415
-2.185 -0.345 2.645
-1.955 -0.345 2.645
-3.335 -0.115 2.875
-2.645 -0.805 2.875
-1.955 -0.805 2.875
-2.185 -0.575 2.875
-1.725 -0.575 2.645
-1.725 -0.115 2.415
-1.725 -0.345 2.645
-1.725 -0.115 2.645
-1.265 -0.115 2.645
-1.265 -0.115 2.875
-1.035 -0.115 2.875
-1.265 -0.345 3.105
-1.265 -0.115 3.105
-1.035 -0.115 3.105
-1.265 -0.345 3.335
-0.575 -0.115 3.335
-5.405 -0.345 4.025
-3.565 -1.495 4.025
-3.565 -1.725 4.255
-1.955 -1.725 5.175
-2.875 -0.575 5.175
-1.725 -1.265 4.255
-0.805 -0.115 3.795
-1.035 -1.265 5.175
-0.805 -1.265 5.175
-0.805 -1.265 5.405
-3.565 -0.575 6.095
-0.805 -0.805 6.095
-6.095 -0.805 8.625
-2.875 0.345 1.725
-2.875 0.575 1.725
-2.645 0.115 1.725
-2.415 0.115 1.725
-2.645 0.345 1.725
-2.415 0.345 1.725
-2.185 0.115 1.495
-2.185 0.345 1.495
-2.185 0.115 1.725
-1.955 0.345 1.725
-2.415 0.805 1.495
-2.645 0.575 1.725
-2.415 0.575 1.725
-2.185 0.575 1.495
-2.185 0.805 1.725
-1.955 0.805 1.725
-3.105 1.265 1.725
-1.955 1.035 1.265
-1.955 1.265 1.265
-2.415 1.035 1.495
-2.415 1.265 1.495
-2.645 1.035 1.725
-2.415 1.035 1.725
-2.645 1.265 1.725
-2.415 1.265 1.725
-1.955 1.035 1.495
-2.185 1.265 1.495
-1.955 1.495 1.495
-1.725 0.805 1.725
-1.265 0.575 1.495
-1.265 0.805 1.725
-1.725 1.265 1.265
-1.725 1.495 1.265
-1.725 1.035 1.495
-1.495 1.495 1.495
-1.035 1.495 1.725
-2.875 0.345 1.955
-3.105 0.575 2.185
-3.335 0.575 2.415
-2.645 0.115 1.955
-2.415 0.115 1.955
-2.645 0.345 1.955
-2.645 0.115 2.185
-2.415 0.115 2.185
-2.185 0.115 1.955
-2.185 0.115 2.185
-1.955 0.115 2.185
-2.185 0.345 2.185
-1.955 0.345 2.185
-2.645 0.575 1.955
-2.415 0.575 1.955
-2.415 0.805 1.955
-2.415 0.575 2.185
-2.415 0.805 2.185
-2.185 0.575 1.955
-2.185 0.805 1.955
-2.185 0.575 2.185
-1.955 0.575 2.185
-2.185 0.805 2.185
-2.415 0.115 2.415
-1.955 0.115 2.415
-2.185 0.345 2.415
-1.955 0.345 2.415
-1.955 0.115 2.645
-1.955 0.345 2.645
-1.955 0.575 2.415
-3.105 1.265 2.185
-3.105 1.035 2.415
-2.645 1.035 1.955
-2.415 1.035 1.955
-2.185 1.035 1.955
-1.955 1.035 1.955
-2.185 1.265 1.955
-1.955 1.265 1.955
-2.185 1.035 2.185
-1.955 1.035 2.185
-1.955 1.265 2.185
-2.185 1.495 1.955
-1.955 1.495 1.955
-2.645 1.035 2.415
-2.415 1.035 2.415
-1.955 1.035 2.415
-2.415 1.495 2.645
-2.415 1.725 2.645
-2.185 1.495 2.645
-2.185 1.725 2.645
-2.185 0.345 2.875
-2.415 0.575 3.105
-2.875 1.725 3.335
-2.415 1.725 3.335
-1.495 0.115 1.955
-1.725 0.345 1.955
-1.495 0.345 1.955
-1.725 0.575 2.185
-1.725 0.805 2.185
-1.265 0.575 2.185
-1.725 0.115 2.645
-1.495 0.115 2.645
-1.725 0.345 2.645
-1.495 0.345 2.645
-1.265 0.115 2.645
-1.265 0.345 2.645
-1.725 0.575 2.415
-1.495 0.575 2.415
-1.725 0.805 2.415
-1.495 0.805 2.415
-1.495 0.575 2.645
-1.495 0.805 2.645
-1.265 0.805 2.415
-1.035 0.805 2.415
-1.265 0.805 2.645
-1.035 0.805 2.645
-0.805 0.805 2.415
-1.725 1.035 1.955
-1.725 1.265 1.955
-1.725 1.035 2.185
-1.725 1.265 2.185
-1.265 1.035 1.955
-1.725 1.495 2.185
-1.495 1.495 2.185
-1.725 1.725 2.185
-1.495 1.725 2.185
-1.265 1.725 2.185
-1.725 1.035 2.415
-1.495 1.035 2.415
-1.725 1.265 2.415
-1.495 1.265 2.415
-1.495 1.035 2.645
-1.495 1.265 2.645
-1.265 1.265 2.415
-1.265 1.035 2.645
-1.035 1.035 2.645
-1.265 1.265 2.645
-1.035 1.265 2.645
-1.495 1.495 2.415
-1.495 1.725 2.415
-1.495 1.725 2.645
-1.265 1.495 2.415
-1.265 1.725 2.415
-1.265 1.495 2.645
-1.495 0.115 2.875
-1.495 0.345 2.875
-1.265 0.115 2.875
-1.725 0.575 2.875
-1.265 0.575 2.875
-1.035 0.575 2.875
-1.265 0.805 2.875
-1.035 0.805 2.875
-1.035 0.345 3.565
-0.805 0.115 3.105
-0.805 0.345 3.105
-0.805 0.575 2.875
-0.805 0.575 3.105
-0.805 0.115 3.335
-0.575 0.115 3.335
-0.805 0.345 3.335
-0.805 0.115 3.565
-0.805 0.575 3.335
-1.265 1.265 2.875
-2.415 1.955 3.335
-1.725 1.955 2.875
-4.715 0.575 4.485
-4.715 0.805 4.485
-3.795 0.345 4.255
-4.485 0.575 4.255
-4.485 0.805 4.255
-4.485 0.575 4.485
-3.335 0.575 4.485
-3.565 0.345 4.715
-2.875 1.265 5.175
-1.495 0.115 4.255
-1.725 0.115 4.715
-3.335 2.185 4.485
-2.875 1.035 5.635
