-0.575 -1.035 0.575
-0.345 -1.035 0.575
-0.115 -1.035 0.575
-0.345 -1.035 0.805
-0.115 -1.035 0.805
-0.575 -0.805 0.575
-0.575 -0.575 0.575
-0.345 -0.805 0.575
-0.115 -0.805 0.575
-0.115 -0.575 0.575
-0.115 -0.805 0.805
-0.345 -0.345 0.575
-0.345 -0.345 0.805
-0.575 -1.035 1.035
-0.575 -1.035 1.265
-0.115 -1.265 1.035
-0.115 -1.035 1.035
-0.345 -1.035 1.265
-0.115 -1.035 1.265
-0.805 -0.805 1.035
-0.805 -0.805 1.265
-0.575 -0.805 1.265
-0.345 -0.805 1.035
-0.345 -0.575 1.035
-0.115 -0.575 1.035
-0.345 -0.805 1.265
-0.115 -0.575 1.265
-0.575 -0.575 1.725
-0.345 -0.805 1.495
-0.115 -0.805 1.495
-0.115 -0.575 1.725
-0.805 -0.345 1.495
-0.805 -0.345 1.725
-0.115 -0.115 1.955
0.115 -1.035 0.575
0.115 -1.035 0.805
0.115 -0.805 0.575
0.345 -0.575 0.575
0.345 -0.805 0.805
0.115 -0.345 0.805
0.345 -1.265 1.035
0.345 -1.035 1.035
0.115 -1.035 1.265
0.345 -1.035 1.265
0.115 -0.805 1.265
0.345 -0.805 1.265
0.115 -0.345 1.265
0.345 -0.805 1.495
0.115 -0.575 1.725
0.575 -0.805 1.495
0.345 -0.345 1.495
0.115 -0.115 1.495
0.345 -0.115 1.725
0.345 -0.345 2.185
-0.345 0.115 0.345
-0.115 0.345 0.805
-1.035 0.345 1.265
-1.035 0.115 1.725
-0.345 0.115 2.185
-0.115 0.115 2.415
-0.575 0.575 2.645
-0.115 0.575 2.415
-1.035 0.115 2.875
-0.805 0.115 2.875
-0.575 0.575 2.875
-0.345 1.725 3.565
-0.575 1.955 2.875
-0.115 4.945 1.955
-1.265 2.185 4.715
-1.035 2.645 5.175
-0.805 4.945 4.945
-0.805 5.175 5.175
0.575 0.345 1.035
0.805 0.575 1.265
1.035 1.265 1.265
0.575 0.805 2.185
0.805 0.345 2.645
3.565 4.025 2.185
2.875 4.255 2.185
3.335 4.485 1.955
3.105 6.555 3.335
0.575 1.725 4.255
1.035 2.415 4.715
4.715 4.025 6.325
