-3.105 -0.805 3.565
-2.875 -0.115 3.335
-2.875 -0.115 3.565
-1.955 -0.115 2.875
-1.725 -0.115 3.565
-2.185 -0.575 4.945
-1.955 -1.265 5.865
-1.955 -1.035 5.865
-2.415 -1.035 6.325
-2.415 -0.805 5.865
-0.805 -0.575 6.095
-0.805 -0.575 6.325
-0.575 -0.575 6.785
-1.035 -1.725 8.625
0.575 -0.115 7.705
-1.955 0.805 1.725
-1.955 1.265 1.265
-2.415 1.495 1.725
-2.645 1.725 1.725
-2.415 1.725 1.725
-1.955 1.495 1.725
-1.725 1.495 1.265
-1.725 1.035 1.495
-1.495 1.265 1.495
-1.495 1.035 1.725
-1.725 1.265 1.725
-1.495 1.725 1.495
-1.725 1.495 1.725
-1.725 1.725 1.725
-1.265 1.495 1.495
-1.035 1.725 1.495
-0.805 1.265 1.725
-0.805 1.495 1.725
-1.265 1.955 1.495
-2.415 0.345 2.185
-1.955 0.345 1.955
-2.185 0.115 2.185
-1.955 0.115 2.185
-2.185 0.345 2.185
-1.955 0.345 2.185
-2.415 0.575 2.185
-2.415 0.805 2.185
-1.955 0.575 1.955
-2.185 0.575 2.185
-2.645 0.345 2.415
-2.415 0.345 2.415
-2.645 0.345 2.645
-2.415 0.345 2.645
-2.185 0.115 2.415
-2.185 0.115 2.645
-2.185 0.345 2.415
-2.185 0.345 2.645
-1.955 0.115 2.415
-1.955 0.115 2.645
-1.955 0.345 2.415
-1.955 0.345 2.645
-2.645 0.575 2.645
-2.415 0.575 2.645
-2.415 0.805 2.645
-2.185 0.575 2.415
-2.185 0.575 2.645
-2.185 0.805 2.415
-2.185 0.805 2.645
-1.955 0.575 2.415
-1.955 0.575 2.645
-1.955 0.805 2.415
-1.955 0.805 2.645
-3.105 1.265 2.415
-2.415 1.265 1.955
-2.415 1.035 2.185
-2.415 1.265 2.185
-2.185 1.035 1.955
-2.185 1.035 2.185
-2.185 1.265 2.185
-1.955 1.265 2.185
-2.645 1.495 1.955
-2.415 1.495 1.955
-2.185 1.495 1.955
-2.185 1.725 1.955
-1.955 1.725 1.955
-1.955 1.495 2.185
-1.955 1.725 2.185
-2.415 1.035 2.645
-2.185 1.035 2.415
-1.955 1.035 2.415
-1.955 1.265 2.415
-3.105 0.575 2.875
-2.875 0.805 2.875
-2.875 0.805 3.105
-2.415 0.115 2.875
-2.415 0.345 2.875
-2.185 0.115 2.875
-1.955 0.115 2.875
-2.185 0.345 2.875
-2.185 0.805 3.105
-2.645 0.345 3.335
-2.415 0.805 3.565
-3.565 1.035 3.105
-2.185 1.725 2.875
-1.495 0.805 1.955
-1.495 0.805 2.185
-1.725 0.345 2.415
-1.725 0.345 2.645
-1.495 0.345 2.645
-1.725 0.575 2.415
-1.725 0.575 2.645
-1.495 0.575 2.645
-1.725 0.805 2.645
-1.495 0.805 2.645
-1.265 0.575 2.415
-1.265 0.575 2.645
-1.495 1.035 1.955
-1.495 1.265 2.185
-1.725 1.495 2.185
-1.495 1.495 2.185
-1.725 1.725 2.185
-1.495 1.725 2.185
-1.725 1.035 2.415
-1.725 1.035 2.645
-1.725 1.265 2.415
-1.725 1.265 2.645
-1.495 1.035 2.415
-1.495 1.035 2.645
-1.495 1.265 2.415
-1.495 1.265 2.645
-1.265 1.265 2.645
-1.035 1.265 2.645
-1.725 1.495 2.415
-1.495 1.495 2.415
-1.495 1.725 2.415
-1.725 1.495 2.645
-1.495 1.495 2.645
-1.265 1.495 2.415
-1.265 1.725 2.415
-1.035 1.725 2.415
-1.265 1.495 2.645
-1.035 1.495 2.645
-1.265 1.725 2.645
-1.035 1.725 2.645
-0.805 1.725 2.415
-0.805 1.725 2.645
-1.725 0.115 2.875
-1.725 0.345 2.875
-1.725 0.345 3.105
-1.495 0.345 3.105
-1.265 0.115 3.105
-1.265 0.345 3.105
-1.035 0.345 3.105
-1.725 0.575 2.875
-1.495 0.575 2.875
-1.495 0.805 2.875
-1.495 0.805 3.105
-1.265 0.575 2.875
-1.265 0.805 2.875
-1.265 0.575 3.105
-1.495 0.345 3.335
-1.265 0.345 3.335
-1.035 0.345 3.335
-1.265 0.805 3.565
-0.805 0.805 3.105
-0.805 0.575 3.335
-0.575 0.575 3.335
-0.805 0.805 3.335
-0.575 0.805 3.335
-0.805 0.575 3.565
-1.265 1.035 2.875
-1.035 1.035 2.875
-1.035 1.265 2.875
-1.035 1.035 3.105
-1.035 1.495 2.875
-1.035 1.725 2.875
-1.495 1.035 3.565
-1.035 1.035 3.335
-0.805 1.035 2.875
-0.805 1.265 2.875
-0.805 1.035 3.105
-0.575 1.265 3.105
-0.575 1.265 3.335
-0.575 1.495 3.335
-2.875 1.955 2.185
-2.185 1.955 1.955
-1.955 1.955 1.955
-1.955 2.185 1.955
-2.185 1.955 2.185
-1.955 1.955 2.185
-1.955 2.185 2.875
-1.495 1.955 1.955
-1.725 2.185 1.955
-1.725 1.955 2.185
-1.495 1.955 2.185
-1.495 2.185 2.185
-1.035 2.185 1.955
-1.265 1.955 2.185
-1.265 2.185 2.185
-1.725 1.955 2.415
-1.495 1.955 2.415
-1.725 2.185 2.415
-1.495 1.955 2.645
-1.725 2.185 2.645
-1.265 1.955 2.415
-1.265 2.185 2.415
-1.265 2.415 2.415
-1.035 2.415 2.415
-1.265 2.415 2.645
-1.035 2.415 2.645
-1.495 1.955 2.875
-1.265 1.955 2.875
-0.805 1.955 2.875
-5.405 0.115 5.405
-4.715 2.645 4.255
-5.635 1.725 5.635
-6.555 0.115 6.785
-7.015 0.115 7.015
-2.185 0.115 3.795
-2.415 1.035 3.795
-2.645 1.265 3.795
-3.565 1.725 4.715
-3.335 1.725 4.715
-3.565 1.725 4.945
-1.955 1.265 5.405
-1.495 0.805 3.795
-1.495 0.805 4.025
-1.265 1.035 3.795
-1.725 1.265 5.175
-3.565 1.955 4.485
-3.335 1.955 4.485
-3.335 2.875 4.025
-2.185 2.645 4.715
-3.105 3.105 4.945
-1.495 0.345 6.325
-1.955 2.415 5.635
-1.495 0.345 7.475
