-0.115 -1.035 0.345
-0.115 -1.265 0.575
-0.345 -1.265 0.805
-0.115 -1.265 0.805
-0.345 -1.035 0.805
-0.115 -1.035 0.805
-0.345 -0.575 0.345
-0.345 -0.805 0.805
-0.115 -0.345 0.575
-0.575 -1.265 1.265
-0.575 -1.035 1.265
-0.345 -1.265 1.035
-0.115 -1.265 1.035
-0.345 -1.035 1.035
-0.345 -1.265 1.265
-0.115 -1.265 1.265
-0.345 -1.035 1.265
-0.115 -1.035 1.265
-0.575 -1.265 1.495
-0.575 -1.035 1.495
-0.345 -1.265 1.495
-0.115 -1.265 1.495
-0.345 -1.035 1.495
-0.575 -0.805 1.035
-0.575 -0.805 1.265
-0.575 -0.575 1.265
-0.115 -0.805 1.035
-0.345 -0.805 1.265
-0.115 -0.805 1.265
-0.345 -0.805 1.495
-0.345 -0.575 1.495
-0.115 -0.575 1.495
-0.805 -0.115 1.495
-0.575 -0.345 1.725
-0.345 -0.345 1.495
-0.345 -0.345 1.725
-0.115 -0.345 1.725
0.115 -1.035 0.345
0.345 -1.035 0.345
0.115 -1.265 0.575
0.345 -1.265 0.575
0.115 -1.035 0.575
0.345 -1.265 0.805
0.115 -1.035 0.805
0.345 -1.035 0.805
0.575 -1.265 0.805
0.575 -0.805 0.345
0.345 -0.805 0.575
0.345 -0.575 0.575
0.805 -0.805 0.575
0.575 -0.575 0.575
0.805 -0.575 0.575
0.115 -0.345 0.805
0.345 -0.345 0.805
1.035 -0.345 0.575
0.115 -1.495 1.035
0.345 -1.495 1.035
0.115 -1.495 1.265
0.345 -1.495 1.265
0.575 -1.495 1.035
0.575 -1.495 1.265
0.115 -1.265 1.035
0.345 -1.265 1.035
0.115 -1.035 1.035
0.115 -1.265 1.265
0.345 -1.265 1.265
0.115 -1.035 1.265
0.345 -1.035 1.265
0.575 -1.265 1.035
0.575 -1.265 1.265
0.575 -1.035 1.035
0.575 -1.035 1.265
0.805 -1.265 1.035
0.805 -1.265 1.265
0.805 -1.035 1.035
0.805 -1.035 1.265
0.115 -1.265 1.495
0.575 -0.805 1.035
0.805 -0.805 1.035
0.575 -0.805 1.265
0.805 -0.805 1.265
0.805 -0.575 1.265
0.805 -0.345 1.265
0.115 -0.575 1.725
0.575 -0.805 1.725
0.805 -0.345 1.725
1.035 -0.575 1.265
0.345 -1.035 1.955
0.345 -0.805 1.955
0.115 -0.805 2.415
1.035 -0.345 1.955
1.955 -0.115 2.185
-0.345 0.345 0.575
-0.575 0.575 0.575
-0.115 0.115 1.035
-0.575 0.345 1.955
-0.575 0.345 2.185
-0.575 0.575 2.185
-0.345 0.575 1.955
-0.345 0.575 2.415
-0.115 1.035 2.875
-1.035 2.415 3.105
-1.495 0.805 4.715
-1.265 0.575 4.715
1.495 0.115 0.805
1.265 0.575 0.805
0.345 0.575 1.035
1.265 0.115 1.495
1.725 1.265 3.105
2.185 0.115 2.645
1.955 1.265 2.875
1.955 1.265 3.105
4.485 5.635 1.725
0.345 2.185 4.025
1.265 2.185 4.025
1.725 1.955 3.795
1.265 2.185 4.255
0.345 3.565 4.945
0.345 3.565 5.175
1.725 4.025 5.175
1.035 4.255 5.405
0.345 4.025 5.865
1.495 4.255 5.865
1.725 4.715 6.325
1.495 5.175 6.555
1.265 3.105 8.395
