-0.345 -1.035 0.345
-0.345 -1.265 0.575
-0.115 -1.265 0.575
-0.115 -1.035 0.575
-0.345 -1.035 0.805
-0.115 -1.035 0.805
-0.115 -0.805 0.575
-0.115 -0.805 0.805
-0.345 -0.575 0.805
-0.345 -1.265 1.035
-0.115 -1.035 1.035
-0.345 -1.265 1.265
-0.115 -1.265 1.265
-0.345 -1.035 1.265
-0.115 -1.035 1.265
-0.575 -1.035 1.495
-0.345 -1.265 1.495
-0.115 -1.265 1.495
-0.345 -1.035 1.495
-0.575 -0.805 1.265
-0.575 -0.575 1.265
-0.345 -0.805 1.265
-0.115 -0.345 1.265
-0.345 -0.575 1.495
-0.115 -0.575 1.495
-0.575 -0.345 1.725
-0.345 -0.345 1.495
-0.345 -0.345 1.725
0.575 -1.265 0.345
0.575 -1.495 0.805
0.115 -1.265 0.575
0.115 -1.035 0.575
0.115 -1.265 0.805
0.575 -1.265 0.575
0.575 -1.265 0.805
0.805 -1.265 0.805
0.805 -0.345 0.345
0.575 -0.115 0.345
0.805 -0.115 0.345
0.345 -0.805 0.575
0.115 -0.805 0.805
0.575 -0.575 0.805
0.575 -0.345 0.575
0.575 -0.115 0.575
0.115 -1.495 1.035
0.345 -1.495 1.035
0.115 -1.495 1.265
0.345 -1.495 1.265
0.575 -1.495 1.035
0.805 -1.495 1.035
0.575 -1.495 1.265
0.805 -1.495 1.265
0.115 -1.265 1.035
0.345 -1.265 1.035
0.115 -1.265 1.265
0.345 -1.265 1.265
0.115 -1.035 1.265
0.345 -1.035 1.265
0.575 -1.265 1.035
0.805 -1.265 1.035
0.575 -1.035 1.035
0.805 -1.035 1.035
0.575 -1.265 1.265
0.575 -1.035 1.265
0.805 -1.035 1.265
0.115 -1.265 1.495
1.035 -1.265 1.725
0.115 -0.805 1.265
0.575 -0.805 1.035
0.805 -0.805 1.035
0.575 -0.575 1.035
0.805 -0.575 1.035
0.805 -0.805 1.265
0.575 -0.575 1.265
0.805 -0.575 1.265
0.805 -0.345 1.035
0.805 -0.345 1.265
1.035 -0.575 1.265
0.345 -0.115 2.185
0.805 -0.345 1.955
-0.345 0.805 0.805
-0.115 0.805 1.265
-0.345 0.115 1.725
-0.575 1.265 1.265
-0.575 0.115 1.955
-0.345 0.805 2.185
-0.345 0.345 2.415
-1.035 4.255 1.495
-1.725 5.175 1.495
-1.955 6.095 1.495
-1.955 6.785 1.495
-1.725 6.325 1.495
-1.725 6.095 1.725
-1.725 6.785 1.725
-1.725 7.015 1.725
-1.495 7.245 1.955
-1.035 0.575 4.255
-1.265 0.805 4.485
-1.265 1.035 4.485
-1.265 1.035 4.715
-1.725 2.875 6.095
-1.725 7.475 1.955
-0.805 3.565 7.705
0.575 0.115 0.575
0.805 0.115 0.575
0.575 0.345 0.575
0.805 0.345 0.575
0.575 0.345 0.805
0.805 0.575 0.575
1.495 1.265 0.805
1.035 0.345 1.495
1.265 0.575 1.725
1.725 2.645 0.805
0.575 3.105 1.035
0.345 3.335 1.035
0.345 3.565 1.035
0.575 3.335 1.035
0.805 3.335 1.035
1.955 3.565 1.035
0.805 0.575 2.185
1.725 0.115 2.185
0.345 1.725 3.565
2.875 1.265 2.185
2.645 0.575 3.565
0.115 1.955 3.565
0.345 1.955 3.565
0.345 4.025 1.265
0.345 4.255 1.265
1.035 3.795 1.035
1.035 4.025 1.265
1.265 4.485 1.265
0.345 4.945 1.265
1.265 4.715 1.265
1.725 4.715 1.265
1.495 5.405 1.265
1.265 4.945 1.495
1.495 5.175 1.495
1.725 5.175 1.495
1.495 5.405 1.495
1.955 4.485 1.035
0.345 5.635 1.495
1.725 5.865 1.265
1.725 5.635 1.495
0.345 6.555 1.725
2.185 6.095 1.495
2.185 6.325 1.495
2.185 7.245 1.495
2.415 7.245 1.725
0.345 7.015 1.955
0.345 1.955 3.795
3.565 1.955 7.245
0.805 4.255 5.635
