-1.725 -0.115 6.325
-0.575 1.725 1.495
-1.955 2.185 1.725
-1.495 1.955 1.495
-1.265 1.955 1.495
-1.265 1.955 1.725
-1.035 2.415 1.495
-1.035 2.645 1.725
-0.805 1.955 1.495
-0.575 1.955 1.495
-0.805 2.185 1.495
-0.805 2.415 1.725
-0.805 2.645 1.725
-1.955 1.265 2.645
-1.955 1.495 2.415
-1.955 1.725 2.415
-1.955 1.495 2.645
-2.185 1.725 2.645
-1.955 1.725 2.645
-1.955 0.805 2.875
-1.955 0.805 3.105
-1.955 1.035 2.875
-1.955 1.265 2.875
-1.955 1.035 3.105
-1.955 1.725 2.875
-2.185 1.495 3.105
-1.955 1.035 3.335
-2.185 1.265 3.335
-2.645 1.725 3.565
-2.185 1.495 3.335
-1.265 1.265 2.185
-1.725 1.495 2.185
-1.265 1.265 2.415
-1.265 1.035 2.645
-1.495 1.725 2.415
-1.495 1.495 2.645
-1.725 1.725 2.645
-1.495 1.725 2.645
-1.265 1.495 2.415
-1.265 1.725 2.415
-1.035 1.725 2.645
-0.575 1.725 1.955
-0.805 1.495 2.185
-0.575 1.725 2.185
-0.345 1.725 2.185
-0.575 1.495 2.415
-0.805 1.725 2.415
-0.805 1.495 2.645
-0.345 1.495 2.415
-0.345 1.725 2.415
-0.115 1.725 2.645
-1.725 0.805 3.105
-1.725 0.575 3.335
-1.725 0.805 3.335
-1.265 0.805 3.335
-1.035 0.805 3.335
-1.725 1.035 2.875
-1.495 1.265 2.875
-1.725 1.035 3.105
-1.495 1.265 3.105
-1.035 1.035 2.875
-1.265 1.035 3.105
-1.035 1.035 3.105
-1.265 1.265 3.105
-1.495 1.495 2.875
-1.495 1.725 2.875
-1.495 1.495 3.105
-1.265 1.495 2.875
-1.035 1.725 2.875
-1.495 1.265 3.565
-1.265 1.035 3.335
-1.495 1.495 3.335
-1.495 1.725 3.335
-1.495 1.725 3.565
-0.805 1.265 3.105
-0.575 1.265 3.105
-0.805 1.725 2.875
-0.575 1.725 2.875
-0.805 1.495 3.105
-0.575 1.725 3.105
-0.345 1.725 2.875
-0.115 1.725 2.875
-0.115 1.495 3.105
-0.345 1.725 3.105
-0.115 1.725 3.105
-0.575 1.035 3.335
-0.805 1.265 3.335
-0.575 1.265 3.335
-0.575 1.035 3.565
-0.115 1.265 3.335
-0.115 1.265 3.565
-0.115 1.495 3.335
-0.115 1.725 3.335
-2.185 2.185 2.185
-1.955 2.185 2.185
-1.955 2.415 1.955
-1.955 2.415 2.185
-1.955 1.955 2.415
-2.185 2.185 2.415
-2.645 2.415 2.645
-2.645 2.645 2.645
-2.875 2.645 3.105
-2.875 1.955 3.335
-2.415 1.955 2.875
-2.415 2.645 3.105
-1.955 2.645 2.875
-2.185 1.955 3.335
-1.955 2.875 3.105
-1.725 2.185 2.185
-1.265 2.185 1.955
-1.035 2.185 2.185
-1.725 2.415 1.955
-1.495 2.645 1.955
-1.725 2.415 2.185
-1.495 2.415 2.185
-1.265 2.645 1.955
-1.035 2.645 1.955
-1.265 2.415 2.185
-1.035 2.415 2.185
-1.265 2.645 2.185
-1.035 2.645 2.185
-1.725 1.955 2.415
-1.495 1.955 2.415
-1.725 2.185 2.415
-1.495 2.185 2.415
-1.725 1.955 2.645
-1.495 1.955 2.645
-1.495 2.185 2.645
-1.265 1.955 2.415
-1.265 2.185 2.415
-1.035 2.185 2.415
-1.035 1.955 2.645
-1.265 2.185 2.645
-1.035 2.185 2.645
-1.725 2.415 2.415
-1.495 2.415 2.415
-1.495 2.645 2.415
-1.265 2.415 2.415
-1.035 2.415 2.415
-0.805 1.955 2.185
-0.575 2.185 2.185
-0.345 1.955 2.185
-0.805 2.645 1.955
-0.575 2.645 2.185
-0.805 2.185 2.415
-0.805 1.955 2.645
-0.575 1.955 2.645
-0.575 2.185 2.645
-0.115 1.955 2.415
-0.345 2.185 2.645
-0.805 2.415 2.415
-0.575 2.415 2.415
-0.805 2.645 2.415
-0.575 2.645 2.415
-0.575 2.415 2.645
-0.575 2.645 2.645
-0.345 2.415 2.415
-0.345 2.415 2.645
-1.265 2.875 1.955
-0.805 2.875 2.185
-0.575 2.875 2.185
-0.805 3.105 2.185
-0.805 2.875 2.415
-0.805 3.335 2.645
-1.725 2.185 2.875
-1.035 1.955 2.875
-1.725 2.415 3.105
-1.725 2.645 3.105
-1.035 2.415 2.875
-1.265 2.185 3.565
-1.495 2.415 3.335
-0.805 1.955 2.875
-0.575 1.955 2.875
-0.345 1.955 2.875
-0.115 1.955 2.875
-0.345 2.185 2.875
-0.345 1.955 3.105
-0.115 1.955 3.105
-0.115 2.415 2.875
-0.805 2.185 3.565
-1.495 3.105 3.105
-4.255 2.415 5.405
-4.715 3.105 5.405
-4.485 2.875 5.405
-4.025 1.495 6.555
-4.945 2.645 6.095
-4.715 2.645 6.325
-4.485 2.645 5.635
-4.485 2.415 6.095
-4.485 3.335 6.555
-2.645 1.265 4.485
-1.725 0.805 3.795
-1.725 0.575 4.025
-1.495 0.345 4.485
-1.035 0.805 4.255
-1.725 1.265 4.025
-1.725 1.725 4.485
-1.495 1.725 5.175
-3.335 1.955 4.485
-2.645 1.955 3.795
-2.415 2.185 4.025
-2.645 3.565 4.485
-3.335 2.415 4.945
-0.115 1.955 4.255
-1.035 3.105 3.795
-0.345 3.565 3.795
-1.495 1.955 5.175
-1.265 2.185 5.175
-0.345 2.415 4.715
-3.105 1.495 5.865
-2.875 1.495 5.865
-1.035 0.115 7.245
-3.105 1.955 5.865
-2.415 2.645 6.095
-1.265 2.645 6.555
-3.565 4.025 7.245
-1.495 2.875 7.475
-4.025 4.715 9.545
0.115 1.725 2.875
0.345 1.495 3.335
0.115 1.955 3.335
0.805 1.495 4.255
1.035 1.495 5.405
0.115 2.415 3.795
0.805 0.805 9.085
1.265 0.805 9.775
1.265 0.805 10.235
