-0.345 2.415 -2.875
-0.575 2.645 -2.645
-0.575 3.105 -2.185
-0.345 3.335 -1.955
-0.805 1.495 -1.035
-0.345 1.725 -1.035
-0.575 0.805 -0.575
-0.575 0.345 -0.115
-0.115 0.115 -0.345
-0.115 0.115 -0.115
-0.115 0.575 -0.345
-0.345 0.575 -0.115
-0.115 0.805 -0.115
-0.805 1.035 -0.575
-0.345 1.725 -0.805
-0.115 1.725 -0.575
-0.575 1.495 -0.345
-0.575 1.725 -0.345
-0.345 1.495 -0.345
-0.345 1.725 -0.345
-0.115 1.725 -0.345
-0.345 1.495 -0.115
-0.345 1.725 -0.115
-0.115 1.725 -0.115
-0.115 2.415 -0.575
-0.345 1.955 -0.345
-0.115 1.955 -0.345
-0.575 4.025 -2.415
2.645 5.175 -5.175
0.575 6.095 -3.795
3.105 5.865 -4.025
2.415 6.785 -3.795
1.265 0.575 -1.955
1.035 1.725 -1.955
2.415 1.265 -1.955
3.335 1.725 -2.415
3.565 1.725 -2.415
0.345 3.335 -1.955
0.575 3.335 -2.185
2.185 2.645 -2.645
0.805 0.575 -1.035
1.035 0.345 -1.725
1.495 0.805 -1.265
0.345 1.725 -1.035
0.805 1.725 -1.265
0.805 1.725 -1.035
1.725 1.035 -1.725
1.265 1.725 -1.725
1.725 1.265 -1.035
0.345 0.345 -0.575
0.115 0.575 -0.575
0.115 0.345 -0.345
0.115 0.115 -0.115
0.115 0.805 -0.345
0.115 0.575 -0.115
0.115 0.805 -0.115
0.805 0.575 -0.115
1.265 0.805 -0.345
0.805 1.265 -0.805
0.115 1.265 -0.345
0.345 1.265 -0.345
0.115 1.265 -0.115
0.345 1.265 -0.115
0.575 1.265 -0.115
0.115 1.495 -0.115
0.345 1.495 -0.115
0.115 1.725 -0.115
0.345 1.725 -0.115
0.575 1.495 -0.345
1.035 1.035 -0.805
0.575 2.645 -1.495
0.575 2.185 -1.035
0.575 2.875 -1.035
0.345 2.185 -0.805
0.115 1.955 -0.345
0.115 2.185 -0.345
0.115 1.955 -0.115
0.345 2.185 -0.115
0.575 2.645 -0.115
0.805 3.105 -0.345
0.575 3.335 -0.115
2.185 3.335 -1.725
2.415 3.565 -0.345
3.795 2.185 -2.875
4.025 2.415 -3.105
3.795 1.955 -2.645
3.105 4.485 -3.565
2.875 4.025 -2.185
0.575 4.255 -0.805
1.035 4.025 -0.575
0.805 5.175 -0.115
3.335 4.025 -0.575
3.565 7.475 -1.725
2.185 7.935 -0.345
-0.115 0.345 0.115
-0.575 0.805 0.115
-0.345 0.575 0.115
-0.115 0.575 0.115
-0.345 0.805 0.115
-0.115 0.805 0.115
-0.115 0.805 0.575
-0.345 1.265 0.115
-0.345 1.035 0.345
-0.115 1.265 0.345
-0.115 1.495 0.115
-0.115 1.725 0.115
-0.115 1.725 0.345
-0.345 1.035 0.575
-0.115 1.955 0.115
0.115 0.345 0.115
0.115 0.345 0.345
0.345 0.345 0.345
0.115 0.575 0.115
0.345 0.575 0.115
0.345 0.805 0.115
0.115 0.575 0.345
0.345 0.575 0.345
0.115 0.805 0.345
0.345 0.805 0.345
0.575 0.805 0.115
0.575 0.575 0.345
0.805 0.575 0.345
0.575 0.805 0.345
0.805 0.805 0.345
0.115 1.035 0.115
0.345 1.035 0.115
0.345 1.265 0.115
0.345 1.035 0.345
0.115 1.265 0.345
0.345 1.265 0.345
0.575 1.035 0.115
0.805 1.035 0.115
0.575 1.265 0.115
0.575 1.035 0.345
0.805 1.035 0.345
0.115 1.495 0.115
0.345 1.495 0.115
0.115 1.725 0.115
0.345 1.725 0.115
0.115 1.495 0.345
0.345 1.495 0.345
0.575 1.495 0.115
0.575 1.495 0.345
0.575 1.725 0.345
0.345 1.035 0.575
0.345 1.265 0.575
0.345 1.495 0.575
1.035 1.035 0.345
0.115 1.955 0.115
0.115 2.185 0.345
0.575 2.875 0.345
