-0.345 -0.115 1.725
-0.115 -0.115 1.725
-0.575 -0.115 1.955
-0.575 -0.115 2.185
-0.345 -0.345 1.955
-0.115 -0.345 2.185
-0.115 -0.115 2.185
-0.575 -0.575 2.645
-0.115 -0.575 2.415
-0.345 -0.805 2.645
-0.345 -0.575 2.645
-0.115 -0.575 2.645
-0.575 -0.345 2.415
-0.575 -0.115 2.415
-0.575 -0.345 2.645
-0.575 -0.115 2.645
-0.345 -0.345 2.415
-0.115 -0.345 2.415
-0.345 -0.115 2.415
-0.115 -0.115 2.415
-0.345 -0.345 2.645
-0.115 -0.345 2.645
-0.345 -0.115 2.645
-0.345 -1.035 3.335
-0.575 -0.805 2.875
-0.575 -0.575 2.875
-0.345 -0.805 2.875
-0.345 -0.575 2.875
-0.345 -0.805 3.105
-0.575 -0.345 2.875
-0.805 -0.115 2.875
-0.575 -0.115 2.875
-0.345 -0.115 2.875
-0.345 -0.805 3.335
-0.115 -0.575 3.335
-0.345 -0.805 4.485
0.575 -0.345 1.725
0.805 -0.345 1.725
0.575 -0.115 1.725
0.115 -0.575 2.185
0.345 -0.575 2.185
0.575 -0.575 2.185
0.345 -0.345 1.955
0.345 -0.115 1.955
0.115 -0.345 2.185
0.345 -0.345 2.185
0.345 -0.115 2.185
0.575 -0.345 1.955
0.805 -0.345 1.955
0.575 -0.115 1.955
0.575 -0.345 2.185
0.115 -0.575 2.415
0.345 -0.575 2.415
0.115 -0.575 2.645
0.115 -0.345 2.415
0.345 -0.115 2.645
1.035 -0.115 1.955
0.115 -0.805 3.335
0.805 -0.575 3.335
0.805 -0.575 3.565
1.035 -0.805 3.565
3.795 -1.035 3.105
0.575 -1.265 4.025
1.035 -1.495 4.715
1.495 -1.035 6.555
3.565 -1.265 6.095
2.185 -0.805 7.245
4.485 -0.345 5.405
3.795 -1.495 6.325
4.025 -1.495 6.785
4.715 -0.115 6.785
0.345 -2.415 8.625
0.575 -2.645 9.085
2.185 -0.575 8.855
1.955 -0.575 9.085
2.185 -0.345 9.085
5.865 -0.115 7.475
-0.115 0.115 1.265
-0.345 0.345 1.265
-0.575 0.345 1.495
-0.345 0.115 1.495
-0.345 0.115 1.725
-0.115 0.345 1.725
-0.575 0.805 1.725
-0.345 0.805 1.495
-0.115 0.805 1.495
-0.345 0.575 1.725
-0.115 0.575 1.725
-0.345 0.805 1.725
-0.115 0.805 1.725
-0.115 1.035 1.495
-0.115 1.035 1.725
-0.115 1.265 1.725
-1.035 0.575 2.185
-1.035 0.805 2.645
-0.805 0.345 1.955
-0.575 0.345 1.955
-0.345 0.115 2.185
-0.115 0.115 2.185
-0.345 0.345 2.185
-0.115 0.345 2.185
-0.575 0.575 1.955
-0.805 0.805 1.955
-0.575 0.805 1.955
-0.575 0.575 2.185
-0.575 0.805 2.185
-0.115 0.575 1.955
-0.345 0.805 1.955
-0.115 0.805 1.955
-0.345 0.575 2.185
-0.115 0.575 2.185
-0.345 0.805 2.185
-0.115 0.805 2.185
-0.575 0.115 2.415
-0.805 0.345 2.415
-0.575 0.345 2.415
-0.805 0.115 2.645
-0.575 0.115 2.645
-0.575 0.345 2.645
-0.345 0.115 2.415
-0.115 0.115 2.415
-0.345 0.345 2.415
-0.115 0.345 2.415
-0.345 0.345 2.645
-0.805 0.575 2.415
-0.575 0.575 2.415
-0.805 0.805 2.415
-0.575 0.805 2.415
-0.805 0.575 2.645
-0.575 0.575 2.645
-0.805 0.805 2.645
-0.345 0.575 2.415
-0.115 0.575 2.415
-0.345 0.805 2.415
-1.035 1.035 2.645
-0.575 1.035 1.955
-0.575 1.035 2.185
-0.345 1.035 1.955
-0.115 1.035 1.955
-0.345 1.265 1.955
-0.345 1.035 2.185
-0.115 1.035 2.185
-0.805 1.035 2.415
-0.575 1.035 2.415
-0.805 1.035 2.645
-0.805 0.115 2.875
-0.575 0.115 2.875
-0.805 0.575 2.875
-0.575 0.575 2.875
-0.805 0.805 2.875
-0.805 0.345 3.335
-0.575 0.345 3.335
-0.115 1.495 2.875
-0.805 1.035 3.335
-0.805 1.265 3.335
-0.345 0.115 5.635
-0.345 0.115 7.475
0.345 0.115 1.265
0.115 0.345 1.265
0.345 0.115 1.495
0.345 0.345 1.725
0.575 0.345 1.495
0.805 0.345 1.495
0.575 0.115 1.725
0.805 0.115 1.725
0.575 0.345 1.725
0.805 0.345 1.725
0.345 0.575 1.495
0.115 0.575 1.725
0.345 0.575 1.725
0.115 0.805 1.725
0.345 0.805 1.725
0.575 0.575 1.725
0.805 0.575 1.725
0.345 1.035 1.495
0.115 1.265 1.495
0.115 1.035 1.725
0.345 1.035 1.725
0.115 1.265 1.725
0.345 1.265 1.725
0.115 0.115 1.955
0.345 0.115 1.955
0.115 0.345 1.955
0.115 0.115 2.185
0.345 0.115 2.185
0.115 0.345 2.185
0.575 0.115 1.955
0.575 0.345 1.955
0.115 0.575 1.955
0.345 0.575 1.955
0.115 0.805 1.955
0.115 0.575 2.185
0.115 0.805 2.185
0.115 0.575 2.415
1.035 0.115 2.415
1.035 0.345 2.645
0.115 1.495 1.955
1.265 1.495 2.645
0.345 0.345 2.875
0.115 1.495 2.875
0.115 1.265 3.335
0.115 1.265 3.565
0.115 0.345 5.635
0.115 0.575 5.635
0.115 1.495 5.635
0.805 1.495 6.095
0.345 2.185 6.555
4.485 0.805 4.025
4.255 1.035 4.025
3.565 4.255 5.865
1.495 1.955 9.545
