-2.875 -0.345 3.795
-2.875 -0.115 3.795
-3.565 -1.725 6.095
-5.635 -1.495 7.705
-0.805 -1.265 10.005
-1.955 1.495 1.725
-1.725 1.265 1.495
-1.265 1.035 1.725
-1.495 1.495 1.495
-1.495 1.725 1.495
-1.725 1.495 1.725
-0.805 1.495 1.495
-0.805 1.725 1.495
-0.805 1.495 1.725
-1.495 1.955 1.495
-1.495 2.185 1.725
-1.265 1.955 1.725
-1.035 2.185 1.725
-0.805 2.185 1.725
-2.185 0.345 2.645
-1.955 0.345 2.645
-2.185 0.575 2.415
-2.185 0.805 2.415
-2.185 0.575 2.645
-1.955 0.575 2.645
-2.185 0.805 2.645
-1.955 0.805 2.645
-2.875 1.725 2.645
-1.955 1.035 2.185
-2.185 1.265 2.185
-2.415 1.725 1.955
-2.415 1.495 2.185
-2.415 1.725 2.185
-2.185 1.495 2.185
-2.185 1.725 2.185
-2.415 1.265 2.415
-2.185 1.035 2.415
-1.955 1.035 2.415
-2.185 1.265 2.415
-1.955 1.265 2.415
-2.185 1.035 2.645
-1.955 1.035 2.645
-2.185 0.345 2.875
-1.955 0.345 2.875
-1.955 0.115 3.105
-1.955 0.345 3.105
-2.185 0.575 2.875
-1.955 0.575 2.875
-1.955 0.805 2.875
-1.955 0.575 3.105
-2.185 0.805 3.335
-1.955 0.805 3.335
-2.415 1.035 2.875
-2.415 1.265 3.105
-2.415 1.495 2.875
-1.955 1.035 3.565
-1.725 0.575 2.645
-1.725 0.805 2.645
-1.265 0.805 2.645
-1.725 1.035 1.955
-1.495 1.265 1.955
-1.495 1.035 2.185
-1.725 1.265 2.185
-1.495 1.725 1.955
-1.725 1.725 2.185
-1.265 1.495 1.955
-1.725 1.035 2.415
-1.495 1.265 2.415
-1.725 1.035 2.645
-1.495 1.035 2.645
-1.495 1.265 2.645
-1.725 1.495 2.415
-1.495 1.495 2.415
-1.725 1.725 2.415
-1.495 1.725 2.415
-1.495 1.495 2.645
-1.265 1.495 2.415
-1.265 1.725 2.415
-1.265 1.495 2.645
-1.035 1.495 2.645
-1.035 1.725 2.645
-0.805 1.495 1.955
-0.575 1.725 2.645
-1.725 0.345 2.875
-1.725 0.345 3.105
-1.725 0.575 2.875
-1.495 0.805 2.875
-1.725 0.575 3.105
-1.495 0.805 3.105
-1.265 0.805 2.875
-1.265 0.575 3.105
-1.035 0.575 3.105
-1.265 0.805 3.105
-1.035 0.805 3.105
-1.495 0.575 3.335
-1.495 0.805 3.565
-1.265 0.575 3.335
-0.575 0.805 3.335
-1.495 1.035 2.875
-1.495 1.265 2.875
-1.495 1.265 3.105
-1.265 1.035 2.875
-1.035 1.265 2.875
-1.265 1.035 3.105
-1.725 1.725 2.875
-1.495 1.725 2.875
-1.725 1.495 3.105
-1.035 1.495 2.875
-1.035 1.725 2.875
-1.725 1.035 3.565
-0.805 1.265 2.875
-0.805 1.035 3.105
-0.575 1.035 3.105
-0.805 1.265 3.105
-0.575 1.265 3.105
-0.345 1.265 3.105
-0.805 1.495 2.875
-0.805 1.725 2.875
-0.805 1.495 3.105
-0.345 1.725 2.875
-0.345 1.495 3.105
-0.115 1.495 3.105
-0.345 1.725 3.105
-0.805 1.035 3.335
-0.575 1.035 3.335
-0.115 1.035 3.335
-0.115 1.265 3.335
-0.115 1.035 3.565
-0.115 1.265 3.565
-0.115 1.495 3.335
-2.875 1.955 2.415
-2.875 1.955 2.645
-3.105 2.185 2.645
-2.875 2.185 2.645
-2.415 1.955 1.955
-1.955 1.955 1.955
-1.955 2.185 1.955
-1.955 1.955 2.185
-1.955 2.185 2.185
-2.645 1.955 2.415
-2.645 1.955 2.645
-2.185 2.185 2.415
-1.955 2.185 2.415
-1.955 1.955 3.105
-1.955 2.185 3.105
-2.185 3.105 3.335
-1.725 1.955 2.185
-1.495 1.955 2.185
-1.725 2.185 2.185
-1.495 2.185 2.185
-1.265 1.955 1.955
-1.265 2.185 2.185
-1.495 2.415 1.955
-1.495 2.415 2.185
-1.035 2.415 1.955
-1.265 2.415 2.185
-1.035 2.415 2.185
-1.495 1.955 2.415
-1.495 1.955 2.645
-1.265 1.955 2.415
-1.035 1.955 2.415
-1.265 2.185 2.415
-1.265 1.955 2.645
-1.035 1.955 2.645
-1.265 2.415 2.645
-0.805 1.955 2.415
-0.805 2.185 2.415
-0.575 1.955 2.645
-0.805 2.185 2.645
-1.725 1.955 2.875
-1.035 2.185 2.875
-1.495 1.955 3.565
-0.575 1.955 2.875
-0.345 1.955 2.875
-4.715 0.575 5.175
-5.405 0.345 7.015
-3.795 1.265 7.245
-3.795 2.645 5.635
-3.795 3.335 6.555
-3.335 0.575 3.795
-1.955 0.805 3.795
-1.955 0.575 4.025
-2.875 1.035 3.795
-2.875 1.265 4.025
-1.955 1.035 3.795
-2.185 1.035 4.025
-2.645 1.725 3.795
-3.565 0.115 4.945
-1.725 0.575 3.795
-1.495 0.345 4.255
-1.495 1.035 4.025
-1.725 1.495 4.025
-1.495 1.725 4.485
-1.265 1.495 4.485
-0.115 1.035 3.795
-0.575 1.035 4.485
-0.345 1.725 4.485
-0.575 0.345 5.175
-1.495 1.035 4.945
-1.495 1.725 4.715
-1.265 1.725 4.715
-2.645 2.875 4.255
-2.875 2.645 5.405
-3.105 3.335 5.405
-0.575 2.645 4.025
-3.565 1.265 7.015
-1.725 0.805 6.325
-1.265 1.725 6.555
-1.955 2.415 6.095
-1.725 1.955 5.635
-1.725 2.185 5.635
-1.955 1.265 7.935
-2.185 1.265 8.625
-1.495 1.265 7.705
-1.495 1.495 7.475
0.115 1.035 3.565
0.115 1.495 4.485
