-1.035 2.645 1.725
-0.805 2.645 1.725
-0.575 2.645 1.725
-0.345 2.645 1.495
-0.115 2.415 1.725
-1.265 2.875 1.725
-1.265 3.335 1.725
-1.265 3.565 1.725
-1.035 3.565 1.725
-0.575 3.105 1.265
-0.345 3.105 1.265
-0.805 3.105 1.495
-0.575 3.105 1.495
-0.575 3.565 1.495
-0.805 3.565 1.725
-0.575 3.565 1.725
-0.345 3.565 1.495
-0.115 3.335 1.725
-0.345 3.565 1.725
-1.035 2.185 1.955
-1.035 2.185 2.185
-1.035 2.415 1.955
-1.035 2.415 2.185
-1.265 2.645 2.185
-1.265 2.645 2.645
-0.575 2.185 2.185
-0.575 2.415 1.955
-0.575 2.415 2.185
-0.575 2.645 2.185
-0.345 2.415 2.185
-0.805 2.645 2.645
-0.575 2.645 2.645
-0.115 2.645 2.415
-0.345 2.645 2.645
-0.115 2.645 2.645
-1.495 3.105 2.185
-1.265 3.105 1.955
-1.035 3.105 1.955
-1.035 3.105 2.185
-1.495 3.335 1.955
-1.495 3.335 2.185
-1.265 3.335 1.955
-1.035 3.335 1.955
-1.265 3.565 1.955
-1.035 3.565 1.955
-1.265 3.335 2.185
-1.035 3.335 2.185
-1.495 2.875 2.415
-1.495 3.105 2.415
-1.495 2.875 2.645
-1.495 3.105 2.645
-1.035 2.875 2.415
-1.265 2.875 2.645
-1.495 3.335 2.415
-1.495 3.335 2.645
-1.265 3.335 2.415
-1.035 3.565 2.415
-1.035 3.335 2.645
-0.575 2.875 1.955
-0.805 3.105 2.185
-0.115 2.875 1.955
-0.115 2.875 2.185
-0.345 3.105 2.185
-0.115 3.105 2.185
-0.805 3.335 1.955
-0.575 3.335 1.955
-0.805 3.335 2.185
-0.575 3.335 2.185
-0.345 3.335 1.955
-0.115 3.335 1.955
-0.345 3.565 1.955
-0.345 3.335 2.185
-0.115 3.335 2.185
-0.805 2.875 2.415
-0.575 2.875 2.415
-0.805 3.105 2.415
-0.805 2.875 2.645
-0.575 2.875 2.645
-0.345 2.875 2.415
-0.115 2.875 2.415
-0.345 3.105 2.415
-0.115 3.105 2.415
-0.345 2.875 2.645
-0.115 2.875 2.645
-1.265 2.415 2.875
-1.265 2.645 2.875
-1.265 2.415 3.105
-1.035 2.415 3.105
-1.265 2.645 3.105
-1.035 2.645 3.105
-1.265 2.185 3.335
-1.265 2.415 3.335
-1.035 2.415 3.335
-0.805 2.415 2.875
-0.575 2.415 2.875
-0.805 2.645 2.875
-0.575 2.645 2.875
-0.805 2.415 3.105
-0.575 2.415 3.105
-0.805 2.645 3.105
-0.115 2.415 2.875
-0.115 2.645 2.875
-0.115 2.415 3.105
-0.805 2.415 3.335
-0.575 2.415 3.335
-0.345 2.415 3.565
-0.115 2.415 3.565
-0.345 2.645 3.565
-1.265 2.875 2.875
-1.265 2.875 3.105
-1.265 3.105 3.105
-1.035 3.105 3.105
-1.035 3.335 2.875
-0.575 3.795 1.495
-0.575 3.795 1.725
-0.345 3.795 1.495
-0.115 3.795 1.495
-1.035 4.025 2.415
-0.805 4.485 2.185
-0.575 4.715 2.185
-0.575 4.945 2.645
-1.035 4.255 3.105
-0.345 4.255 3.565
-0.115 4.255 3.565
-0.345 5.175 3.105
-0.345 5.405 3.105
-1.035 2.645 4.485
-1.035 2.645 4.715
-1.035 2.645 4.945
-0.345 2.875 5.635
-1.495 3.795 4.025
-1.725 4.485 4.025
-1.495 3.795 4.255
-0.115 4.025 3.795
-1.035 5.175 4.255
-2.185 5.635 4.025
-2.185 5.635 4.255
-1.265 4.715 6.325
-1.495 4.945 6.785
-0.805 5.635 5.865
-1.265 5.635 7.015
-0.115 2.645 7.935
-1.265 2.645 9.085
-1.265 2.645 9.315
-1.035 2.645 10.005
0.115 3.335 1.725
0.115 2.645 2.415
0.345 2.645 2.415
0.115 2.415 2.645
0.345 2.415 2.645
0.115 2.645 2.645
0.345 2.645 2.645
0.575 2.645 2.415
0.575 2.645 2.645
0.115 3.105 1.955
0.345 3.105 1.955
0.115 2.875 2.185
0.345 2.875 2.185
0.345 3.105 2.185
0.575 2.875 2.185
0.115 3.335 1.955
0.345 3.335 1.955
0.345 3.335 2.185
0.115 2.875 2.415
0.345 2.875 2.415
0.115 3.105 2.415
0.345 3.105 2.415
0.115 2.875 2.645
0.345 2.875 2.645
0.575 2.875 2.415
0.575 2.875 2.645
0.115 3.335 2.645
0.345 3.565 2.645
0.115 2.645 2.875
0.345 2.645 2.875
0.115 2.415 3.105
0.575 2.415 2.875
0.575 2.645 2.875
0.805 2.645 2.875
0.575 2.415 3.105
0.575 2.875 2.875
0.115 3.795 1.955
0.345 4.025 2.645
0.805 4.025 3.105
1.265 4.025 3.565
1.035 5.865 3.335
0.115 3.335 3.795
0.575 2.875 5.635
0.115 3.335 5.865
0.345 2.875 6.325
0.805 3.335 7.015
1.955 3.335 6.095
1.725 5.175 4.255
2.415 5.405 4.945
1.265 4.025 6.555
1.495 4.025 6.785
0.345 7.935 4.255
1.495 7.475 8.165
