0.805 -0.115 1.725
1.035 -0.115 1.725
1.495 -0.115 1.725
0.805 -0.115 1.955
0.575 -0.115 2.185
0.345 -0.115 2.415
0.345 -0.115 2.645
0.575 -0.115 2.415
0.575 -0.345 2.645
0.575 -0.115 2.645
0.345 -0.345 3.105
0.575 -0.345 2.875
0.575 -0.115 2.875
0.575 -0.115 3.565
2.185 -0.115 2.185
2.415 -0.575 3.335
2.645 -0.575 3.565
1.495 -0.575 4.485
6.095 -1.265 5.635
6.325 -1.265 5.865
4.255 -0.345 7.705
4.255 -0.115 7.705
4.715 -0.345 8.165
-0.115 0.575 1.035
-0.115 0.805 1.035
-0.345 0.345 1.495
-0.345 0.115 1.725
-0.115 0.345 1.725
-0.115 0.805 1.725
-0.345 1.035 1.265
-0.115 1.035 1.265
-0.115 1.265 1.265
-0.345 1.035 1.495
-0.115 1.035 1.495
-0.115 1.035 1.725
-0.345 1.265 1.725
-0.115 1.265 1.725
-0.115 1.495 1.725
-0.115 0.345 1.955
-0.345 0.575 1.955
-0.115 0.575 2.185
-0.345 0.805 2.185
-0.115 0.805 2.185
-0.115 0.345 2.415
-0.115 0.345 2.645
-0.345 0.575 2.415
-0.115 0.575 2.415
-0.345 0.805 2.415
-0.115 0.805 2.415
-0.345 0.575 2.645
-0.115 0.575 2.645
-0.345 0.805 2.645
-0.575 1.035 1.955
-0.345 1.035 1.955
-0.115 1.035 1.955
-0.345 1.265 1.955
-0.115 1.265 1.955
-0.345 1.035 2.185
-0.115 1.035 2.185
-0.115 1.265 2.185
-0.345 1.495 1.955
-0.115 1.495 1.955
-0.345 1.495 2.185
-0.575 1.265 2.415
-0.575 1.265 2.645
-0.345 1.035 2.415
-0.115 1.035 2.415
-0.345 1.265 2.415
-0.345 1.035 2.645
-0.115 1.265 2.645
-0.345 1.495 2.415
-0.115 1.495 2.415
-0.115 0.805 2.875
-0.345 1.035 2.875
-0.115 1.725 3.335
-0.115 1.725 3.795
0.345 0.345 1.265
0.575 0.345 1.265
0.115 0.805 1.265
0.805 0.805 1.265
0.345 0.115 1.495
0.345 0.345 1.495
0.805 0.115 1.495
0.805 0.345 1.495
0.805 0.115 1.725
0.575 0.345 1.725
0.805 0.345 1.725
0.345 0.805 1.495
0.115 0.575 1.725
0.345 0.575 1.725
0.115 0.805 1.725
0.345 0.805 1.725
0.575 0.575 1.495
0.805 0.575 1.495
0.575 0.805 1.495
0.805 0.805 1.495
0.575 0.575 1.725
0.805 0.575 1.725
0.575 0.805 1.725
1.035 0.345 1.035
1.265 0.115 1.265
1.035 0.345 1.265
1.265 0.345 1.265
1.495 0.115 1.265
1.035 0.115 1.495
1.265 0.115 1.495
1.035 0.345 1.495
1.035 0.115 1.725
1.265 0.115 1.725
1.495 0.115 1.725
1.725 0.115 1.725
1.035 0.575 1.495
0.115 1.265 1.035
0.345 1.265 1.035
0.115 1.265 1.265
0.345 1.265 1.265
0.575 1.035 1.035
0.575 1.265 1.035
0.575 1.035 1.265
0.805 1.035 1.265
0.575 1.265 1.265
0.115 1.495 1.035
0.115 1.495 1.265
0.345 1.495 1.265
0.805 1.495 1.265
0.115 1.035 1.495
0.345 1.035 1.495
0.345 1.265 1.495
0.115 1.035 1.725
0.345 1.035 1.725
0.115 1.265 1.725
1.265 1.035 1.265
1.035 1.265 1.265
1.035 1.495 1.265
2.185 0.805 1.495
0.345 0.115 1.955
0.345 0.345 1.955
0.115 0.345 2.185
0.345 0.345 2.185
0.575 0.115 1.955
0.805 0.115 1.955
0.575 0.345 1.955
0.805 0.345 1.955
0.575 0.115 2.185
0.805 0.115 2.185
0.345 0.575 1.955
0.115 0.805 1.955
0.345 0.805 1.955
0.115 0.575 2.185
0.345 0.575 2.185
0.115 0.805 2.185
0.345 0.805 2.185
0.575 0.805 1.955
0.115 0.115 2.415
0.345 0.115 2.415
0.115 0.345 2.415
0.115 0.115 2.645
0.345 0.115 2.645
0.115 0.345 2.645
0.575 0.115 2.415
0.115 0.575 2.415
1.035 0.805 2.415
0.115 1.035 1.955
0.345 1.035 1.955
0.115 1.265 1.955
0.115 1.035 2.185
0.115 0.115 2.875
0.115 0.345 3.105
1.265 0.115 3.105
0.115 1.265 3.565
2.185 0.345 2.185
1.035 2.185 1.955
1.265 2.185 2.415
1.265 2.415 2.415
0.345 2.185 3.105
4.255 1.725 3.105
1.495 0.575 3.795
0.345 1.265 4.025
0.345 1.725 4.485
1.955 0.345 4.025
2.415 0.115 5.175
0.575 2.415 4.025
1.035 2.415 7.015
6.555 0.575 6.325
1.265 3.795 6.325
