-1.035 -0.115 0.575
-0.575 -0.805 0.345
-0.345 -0.805 0.345
-0.345 -0.575 0.345
-0.575 -0.575 0.575
-0.575 -0.805 0.805
-0.345 -0.575 0.575
-0.345 -0.575 0.805
-0.575 -0.345 0.575
-0.805 -0.115 0.805
-0.115 -0.345 0.575
-0.115 -0.345 0.805
-0.345 -0.805 1.035
-0.115 -0.805 1.035
-0.345 -0.575 1.495
-0.805 -0.115 1.495
-0.345 -0.345 1.725
0.115 -1.035 0.805
0.345 -0.345 0.115
0.115 -0.805 0.805
0.115 -0.575 0.805
0.345 -0.575 0.805
0.115 -0.805 1.035
0.115 -0.575 1.035
-0.575 0.345 0.575
-0.805 0.115 0.805
-0.575 0.805 0.575
-0.805 0.115 1.265
-0.115 0.345 1.035
-0.805 0.575 1.265
-0.345 0.115 1.725
-1.035 1.035 1.265
-1.265 1.265 1.265
-0.805 1.265 1.265
-1.725 3.335 1.725
-0.575 1.265 2.645
-0.575 1.495 2.875
-0.805 1.495 3.105
-0.115 2.185 3.335
-0.115 1.955 3.565
-1.265 4.255 2.875
-0.345 3.105 4.025
-0.115 3.105 4.025
-1.495 2.875 4.715
0.575 0.115 0.805
0.575 0.115 1.265
0.805 0.345 1.265
0.345 0.345 1.495
1.725 1.725 1.725
1.035 2.415 1.495
0.115 0.345 1.955
0.345 0.345 1.955
0.345 0.345 2.185
0.345 0.575 2.185
1.725 3.565 2.415
2.645 4.715 0.115
1.035 2.875 4.025
2.415 5.175 5.865
