-0.115 -0.115 -1.035
0.345 -0.115 -2.415
0.575 -0.115 -1.725
0.115 -0.115 -1.265
0.345 -0.115 -1.265
0.115 -0.115 -1.035
0.575 -0.115 -1.265
-1.725 0.575 -9.315
-1.265 4.715 -8.395
-2.415 0.345 -5.635
-1.265 0.575 -7.015
-1.265 1.725 -5.865
-2.645 3.565 -5.635
-0.345 2.645 -5.635
-1.955 0.345 -5.405
-1.725 0.345 -5.175
-1.725 0.345 -4.025
-1.495 0.345 -4.025
-1.265 0.345 -4.025
-1.035 0.345 -4.025
-1.265 0.345 -3.795
-1.035 0.345 -3.795
-0.115 2.415 -4.485
-0.575 2.415 -4.025
-0.575 3.335 -3.795
-3.105 4.255 -7.015
-3.335 4.025 -6.785
-3.105 4.025 -6.785
-2.875 4.025 -6.555
-2.645 5.175 -5.865
-2.875 5.865 -6.325
-1.035 0.345 -3.105
-0.805 0.345 -3.565
-0.805 0.345 -3.335
-0.115 0.115 -3.565
-0.115 0.115 -3.335
-0.345 0.345 -3.335
-0.115 0.345 -3.335
-0.575 0.115 -3.105
-0.575 0.115 -2.875
-0.345 0.345 -3.105
-0.345 0.115 -2.875
-0.805 0.575 -2.645
-0.345 0.805 -2.645
-0.115 0.805 -2.415
-0.345 0.805 -2.185
-0.115 0.805 -1.955
-0.115 1.495 -2.185
-1.265 2.185 -3.105
-0.345 3.335 -3.335
-0.345 2.185 -2.415
-0.345 2.415 -2.645
-0.345 2.185 -2.185
-0.115 2.185 -2.185
-0.115 1.955 -1.955
-0.115 0.115 -1.495
-0.575 0.805 -1.725
-0.575 0.575 -1.495
-0.575 0.805 -1.495
-0.345 0.805 -1.725
-0.345 0.575 -1.495
-0.115 0.575 -1.495
-0.345 0.805 -1.495
-0.115 0.805 -1.495
-0.345 0.345 -1.265
-0.115 0.345 -1.265
-0.115 0.115 -1.035
-0.345 0.345 -1.035
-0.115 0.345 -1.035
-0.345 0.805 -1.265
-0.115 0.805 -1.265
-0.115 0.575 -1.035
-0.805 1.035 -1.725
-0.575 1.035 -1.725
-0.575 1.265 -1.725
-0.575 1.035 -1.495
-0.575 1.265 -1.495
-0.345 1.035 -1.495
-0.345 1.265 -1.495
-0.575 1.495 -1.495
-0.345 1.495 -1.495
-0.115 1.495 -1.495
-0.345 1.035 -1.265
-0.115 1.035 -1.265
-0.345 1.265 -1.265
-0.115 1.265 -1.265
-0.115 1.035 -1.035
-0.345 1.265 -1.035
-0.345 1.495 -1.265
0.115 1.035 -7.475
0.345 0.805 -7.245
0.115 1.035 -6.785
0.345 1.035 -6.785
0.345 1.035 -6.325
0.115 3.335 -5.865
0.115 3.335 -5.635
0.345 1.725 -5.175
0.115 3.795 -6.095
1.265 4.485 -6.325
1.725 5.405 -6.095
1.725 5.635 -6.325
2.875 4.945 -5.175
1.725 5.635 -5.405
0.115 0.345 -3.105
1.035 0.345 -2.875
1.035 0.575 -3.105
0.805 0.345 -2.645
0.805 0.345 -2.415
0.805 0.805 -2.415
0.115 0.115 -1.955
0.575 0.345 -2.185
0.805 0.345 -2.185
0.805 0.115 -1.955
1.035 0.345 -2.415
1.035 0.345 -2.185
0.805 1.035 -2.415
0.345 1.495 -2.415
0.345 1.725 -1.955
1.265 1.265 -2.185
1.265 1.725 -1.955
0.345 2.185 -3.105
0.805 2.875 -3.565
1.035 3.105 -3.335
0.115 1.955 -2.645
0.575 1.955 -2.645
1.035 2.185 -2.415
1.035 2.415 -2.645
2.185 3.105 -3.335
0.115 0.115 -1.495
0.345 0.345 -1.495
0.805 0.115 -1.725
0.805 0.115 -1.495
0.115 0.805 -1.725
0.345 0.345 -1.265
0.345 0.115 -1.035
0.345 0.345 -1.035
0.575 0.345 -1.265
0.575 0.345 -1.035
0.115 0.575 -1.265
0.345 0.575 -1.265
0.345 0.575 -1.035
0.345 0.805 -1.035
0.575 0.805 -1.265
0.805 0.805 -1.265
1.035 0.115 -1.495
0.345 1.035 -1.495
0.575 1.495 -1.495
0.345 1.035 -1.265
0.115 1.265 -1.265
0.575 1.265 -1.265
0.115 0.345 -0.805
0.345 0.805 -0.805
0.575 0.575 -0.805
